MutationType	ROP-1-ExC85-xgenV2_S7	ROP-100-ExC85-xgenV2_S67	ROP-102-ExC85-xgenV2_S68	ROP-103-ExC85-xgenV2_S69	ROP-105-ExC85-xgenV2_S70	ROP-107-ExC85-xgenV2_S71	ROP-108-ExC85-xgenV2_S72	ROP-109-ExC85-xgenV2_S73	ROP-11-ExC85-xgenV2_S8	ROP-110-ExC85-xgenV2_S74	ROP-112-ExC85-xgenV2_S75	ROP-113-ExC85-xgenV2_S76	ROP-114-ExC85-xgenV2_S77	ROP-115-ExC85-xgenV2_S78	ROP-117-ExC85-xgenV2_S80	ROP-119-ExC85-xgenV2_S82	ROP-12-ExC85-xgenV2_S9	ROP-128-ExC85-xgenV2_S90	ROP-129-ExC85-xgenV2_S91	ROP-133-ExC85-xgenV2_S95	ROP-14-ExC85-xgenV2_S10	ROP-15-ExC85-xgenV2_S11	ROP-16-ExC85-xgenV2_S12	ROP-17-ExC85-xgenV2_S13	ROP-18-ExC85-xgenV2_S14	ROP-19-ExC85-xgenV2_S15	ROP-20-ExC85-xgenV2_S16	ROP-24-ExC85-xgenV2_S18	ROP-32-ExC85-xgenV2_S23	ROP-33-ExC85-xgenV2_S24	ROP-34-ExC85-xgenV2_S25	ROP-36-ExC85-xgenV2_S26	ROP-37-ExC85-xgenV2_S27	ROP-38-ExC85-xgenV2_S28	ROP-42-ExC85-xgenV2_S29	ROP-44-ExC85-xgenV2_S30	ROP-45-ExC85-xgenV2_S31	ROP-46-ExC85-xgenV2_S32	ROP-47-ExC85-xgenV2_S33	ROP-50-ExC85-xgenV2_S34	ROP-51-ExC85-xgenV2_S35	ROP-53-ExC85-xgenV2_S36	ROP-54-ExC85-xgenV2_S37	ROP-56-ExC85-xgenV2_S38	ROP-57-ExC85-xgenV2_S39	ROP-58-ExC85-xgenV2_S40	ROP-59-ExC85-xgenV2_S41	ROP-60-ExC85-xgenV2_S42	ROP-61-ExC85-xgenV2_S43	ROP-65-ExC85-xgenV2_S44	ROP-68-ExC85-xgenV2_S45	ROP-69-ExC85-xgenV2_S46	ROP-70-ExC85-xgenV2_S47	ROP-71-ExC85-xgenV2_S48	ROP-73-ExC85-xgenV2_S49	ROP-75-ExC85-xgenV2_S50	ROP-76-ExC85-xgenV2_S51	ROP-78-ExC85-xgenV2_S52	ROP-81-ExC85-xgenV2_S53	ROP-83-ExC85-xgenV2_S54	ROP-85-ExC85-xgenV2_S55	ROP-86-ExC85-xgenV2_S56	ROP-89-ExC85-xgenV2_S57	ROP-90-ExC85-xgenV2_S58	ROP-91-ExC85-xgenV2_S59	ROP-92-ExC85-xgenV2_S60	ROP-93-ExC85-xgenV2_S61	ROP-94-ExC85-xgenV2_S62	ROP-95-ExC85-xgenV2_S63	ROP-96-ExC85-xgenV2_S64	ROP-97-ExC85-xgenV2_S65	ROP-98-ExC85-xgenV2_S66
A[C>A]A	3	1	0	1	0	4	2	1	3	0	2	0	1	1	5	4	1	0	1	1	0	2	4	2	3	2	4	2	1	4	0	3	2	1	1	1	3	2	3	1	2	1	1	3	0	2	0	1	0	0	1	3	1	1	4	2	1	1	0	8	1	0	0	0	0	1	2	1	0	0	2	2
A[C>A]C	2	3	2	4	2	17	3	2	2	0	2	2	3	1	1	4	1	1	1	2	0	4	5	3	3	4	3	1	2	2	1	3	4	1	1	2	3	4	1	3	2	4	0	3	1	3	2	1	2	4	1	3	1	2	5	3	3	3	1	9	2	1	7	5	0	3	3	0	1	1	3	1
A[C>A]G	0	2	2	2	1	4	1	0	0	1	1	0	1	1	4	3	1	0	0	2	2	2	2	1	2	1	0	0	0	1	0	3	0	0	0	1	1	1	1	0	2	2	1	0	0	0	0	1	0	0	0	0	1	0	1	0	2	3	0	3	0	1	0	0	0	1	0	1	1	0	1	4
A[C>A]T	1	1	0	0	0	38	0	1	5	1	1	0	0	1	3	1	0	0	2	3	1	1	4	0	0	2	2	0	4	2	2	0	0	0	0	2	3	0	0	0	0	1	0	0	3	1	0	1	0	0	0	3	3	1	1	0	2	0	0	54	1	0	4	10	0	2	0	2	1	0	0	0
A[C>G]A	2	2	1	0	0	6	0	0	2	1	0	1	0	7	1	0	1	0	3	0	0	1	0	2	4	4	0	0	0	4	0	0	1	0	2	1	0	4	2	1	0	0	2	2	0	1	0	2	1	0	1	1	2	1	0	0	2	0	0	4	0	1	0	2	0	1	2	2	3	0	1	0
A[C>G]C	4	0	0	2	1	6	1	2	0	0	1	0	0	0	1	3	0	1	2	3	2	1	2	0	0	4	0	0	1	3	2	3	0	2	1	2	1	0	1	2	3	4	3	2	0	2	1	2	1	4	0	0	2	0	1	0	1	0	0	4	0	1	3	0	0	1	1	1	0	0	2	2
A[C>G]G	0	1	0	0	0	1	0	0	1	1	0	0	0	0	1	0	0	0	1	1	0	2	1	0	0	0	1	0	1	0	2	1	1	0	0	1	1	0	0	0	0	0	0	1	0	0	0	0	0	0	2	1	1	1	1	2	0	0	0	0	2	1	2	0	1	1	0	3	1	0	1	1
A[C>G]T	2	2	2	2	0	2	0	0	0	0	2	1	1	0	4	1	0	0	2	3	1	1	0	1	1	3	4	2	1	0	1	1	2	1	2	0	3	1	3	0	1	4	2	2	0	0	0	3	0	1	2	2	2	2	2	2	1	1	0	0	1	1	3	6	0	1	1	1	0	1	1	1
A[C>T]A	6	4	4	4	6	9	5	4	1	6	3	3	3	3	9	6	2	1	4	6	2	4	1	4	7	8	5	3	3	7	1	3	4	3	4	6	5	3	0	1	6	5	3	2	10	3	5	4	0	5	2	9	4	3	5	4	1	4	0	9	1	4	4	21	2	7	3	2	2	2	3	0
A[C>T]C	7	3	2	5	4	32	3	3	3	3	3	3	2	6	4	3	3	1	3	4	6	3	4	8	1	8	3	1	5	4	1	1	4	5	6	8	3	7	2	1	5	3	5	4	4	7	4	6	1	5	5	5	2	2	0	3	5	3	1	40	1	5	0	24	1	4	4	4	1	1	4	5
A[C>T]G	26	16	20	16	4	95	20	14	36	22	12	6	19	14	10	15	16	3	14	18	12	21	9	9	22	17	19	12	13	23	9	13	12	17	13	13	13	23	10	4	26	18	22	28	173	13	17	24	14	10	11	19	12	6	18	19	16	27	5	165	16	15	28	377	4	22	13	21	34	7	17	17
A[C>T]T	1	3	4	3	2	29	4	4	4	1	1	5	3	3	6	3	2	9	2	0	6	4	6	3	4	4	3	0	3	7	4	1	4	5	4	3	3	4	2	0	2	2	1	2	3	4	5	4	2	1	0	1	1	0	1	3	2	5	0	50	4	2	5	10	2	8	2	3	5	2	3	2
A[T>A]A	0	1	0	1	0	3	1	2	0	0	2	0	0	0	0	1	2	0	0	0	0	1	2	0	0	0	1	0	1	1	1	0	1	0	0	1	1	1	0	0	0	1	2	0	0	1	1	0	0	0	1	2	0	1	0	2	0	1	0	0	1	0	0	1	0	1	1	1	0	0	0	0
A[T>A]C	3	1	0	1	2	3	0	1	2	0	0	2	0	0	2	0	1	1	1	1	1	0	1	0	0	2	3	1	0	2	1	0	0	0	1	1	4	4	3	0	0	1	2	0	0	2	1	2	1	2	0	1	1	0	2	0	1	0	0	2	1	1	3	2	0	1	0	1	1	0	2	1
A[T>A]G	1	2	0	0	1	0	1	2	1	6	0	4	1	0	0	1	2	0	1	4	1	0	1	1	1	1	1	0	1	3	1	2	1	1	0	2	2	1	0	0	0	0	0	2	1	1	2	2	0	1	2	0	3	1	1	0	0	0	0	3	0	0	0	1	0	1	0	1	2	0	3	1
A[T>A]T	0	0	0	2	0	11	1	1	1	2	0	1	0	0	2	0	1	0	1	0	0	3	2	0	2	0	1	0	1	1	1	0	1	0	0	0	1	1	1	0	2	0	0	0	1	1	3	0	0	1	1	0	1	0	0	0	0	0	0	17	0	0	3	4	0	0	0	1	0	2	0	1
A[T>C]A	2	2	0	5	0	33	6	2	4	5	6	1	2	0	1	0	5	3	2	1	1	2	0	2	3	5	3	2	2	1	2	4	2	4	3	2	3	10	3	0	3	1	5	3	3	1	3	0	2	2	0	1	2	0	5	3	0	1	0	37	1	2	6	26	0	5	3	0	6	4	0	6
A[T>C]C	4	0	1	2	0	48	2	3	3	1	4	1	1	0	1	1	2	0	0	5	2	3	1	5	3	3	1	2	4	0	2	5	1	1	1	3	5	3	4	4	1	3	1	1	4	3	0	1	0	2	1	2	4	0	1	1	4	3	0	39	2	1	2	31	1	4	0	4	3	1	0	0
A[T>C]G	10	4	4	7	3	44	6	5	5	6	2	3	6	4	9	1	5	6	3	9	3	5	2	3	0	4	2	3	3	3	2	4	5	3	2	6	6	5	6	1	1	3	8	2	12	6	3	2	3	3	4	6	3	2	2	2	2	6	0	37	7	2	7	64	1	5	5	1	1	1	3	4
A[T>C]T	10	3	4	3	4	35	2	3	3	1	1	1	3	1	6	3	3	3	2	3	2	7	1	3	5	2	3	6	2	4	2	5	2	5	0	4	4	5	5	2	4	5	3	2	4	2	3	3	2	7	4	1	3	1	4	2	0	3	0	36	1	2	5	15	0	2	3	5	3	2	5	7
A[T>G]A	0	0	0	0	0	7	0	0	0	1	0	0	0	0	1	0	0	0	0	0	0	1	0	0	0	1	1	0	0	0	0	0	1	0	0	1	0	2	0	0	1	1	0	1	0	0	0	0	0	2	0	2	1	0	0	1	0	1	0	17	0	1	0	0	0	0	0	0	0	1	0	0
A[T>G]C	1	1	0	0	0	19	1	1	1	0	0	0	0	0	1	1	0	0	1	3	0	0	1	0	0	2	0	0	0	1	0	0	0	0	0	1	1	1	0	0	1	1	1	2	1	3	0	0	0	1	0	1	0	1	0	0	1	0	0	39	1	0	0	4	0	0	0	0	0	1	0	1
A[T>G]G	1	0	2	1	0	14	1	0	1	0	0	0	0	1	0	4	0	2	1	1	2	0	1	1	0	2	2	0	1	0	1	0	0	0	1	2	1	0	0	0	2	1	1	0	1	0	1	1	0	1	2	1	0	2	1	0	0	2	0	16	0	1	1	1	1	0	1	1	0	0	0	0
A[T>G]T	1	1	0	1	0	78	1	0	2	0	0	1	0	0	0	1	0	1	0	13	0	0	0	0	1	0	1	0	0	0	0	0	0	0	0	1	0	2	0	0	0	0	0	0	0	2	0	0	1	1	0	0	0	1	0	1	0	1	0	116	0	0	0	5	0	0	0	0	1	0	1	0
C[C>A]A	3	0	4	3	1	21	3	0	5	1	4	1	2	0	2	4	1	0	1	4	4	1	1	1	2	2	6	1	1	1	1	1	2	2	0	1	7	4	3	1	0	6	1	4	7	2	2	0	1	0	3	2	0	0	1	2	2	1	0	22	4	3	9	19	0	2	0	4	2	0	2	1
C[C>A]C	2	1	1	0	0	22	1	2	3	3	2	1	4	0	3	5	0	1	5	4	0	1	4	1	1	3	2	1	1	1	0	1	0	0	1	1	1	0	1	0	0	7	1	6	14	1	1	5	0	2	2	5	1	0	1	1	2	0	0	12	3	0	6	35	0	3	1	4	2	0	4	4
C[C>A]G	2	2	1	0	0	7	3	1	2	1	1	1	2	1	2	3	4	2	2	1	0	2	3	1	0	2	3	0	2	2	1	2	0	1	0	2	3	2	3	0	4	2	2	0	4	3	2	1	0	1	1	2	3	2	1	1	1	0	0	10	2	2	4	26	0	3	3	4	1	2	1	3
C[C>A]T	4	1	3	3	2	78	2	2	5	1	0	2	1	1	4	2	5	1	1	0	0	2	3	2	1	1	0	1	2	0	1	3	1	2	0	1	3	3	3	0	1	2	1	9	23	1	2	2	1	3	4	4	0	0	0	3	3	1	0	116	3	3	5	99	0	3	0	1	3	0	3	0
C[C>G]A	2	2	3	0	0	1	2	0	1	1	0	2	1	0	3	2	3	2	1	2	4	2	1	2	2	2	0	2	1	1	1	2	1	0	0	3	3	2	0	1	1	0	0	0	1	4	2	1	0	0	3	3	2	0	1	0	0	1	0	5	1	3	11	4	0	2	0	2	1	0	2	1
C[C>G]C	2	2	0	1	3	4	1	0	3	1	3	2	0	1	3	1	2	3	0	1	2	1	0	1	2	4	4	1	3	4	2	2	1	2	0	0	2	3	1	0	0	1	1	1	2	2	2	1	0	0	1	2	0	4	4	2	1	0	0	1	1	0	4	0	0	1	1	0	1	1	2	0
C[C>G]G	2	1	1	0	1	0	1	2	2	0	3	1	1	2	1	3	2	2	2	3	0	2	2	1	4	3	0	0	2	0	2	0	3	4	2	5	2	4	0	1	2	1	3	3	1	1	1	4	1	0	1	2	4	0	3	1	2	0	0	4	2	1	3	0	0	1	1	1	2	1	4	1
C[C>G]T	2	0	3	0	1	1	2	3	4	0	1	0	1	3	3	1	1	1	0	4	4	1	1	0	3	1	1	0	1	2	2	4	1	1	0	4	2	3	2	1	3	5	3	4	3	1	2	1	1	2	2	2	1	1	3	0	4	0	0	5	1	2	5	2	0	2	3	0	1	1	0	1
C[C>T]A	7	3	11	6	1	18	11	8	7	2	1	2	2	1	4	6	6	6	3	10	7	6	5	2	7	10	6	2	3	4	3	1	4	4	2	2	1	7	5	1	4	7	6	4	2	6	5	7	2	6	5	6	6	3	6	6	1	3	1	12	5	2	8	11	0	6	7	4	3	2	5	6
C[C>T]C	5	4	7	5	5	24	4	2	3	3	4	3	5	3	6	4	3	3	1	5	1	6	3	6	3	8	4	4	5	5	8	3	5	2	4	4	9	5	2	2	3	7	0	4	7	11	6	8	2	1	4	5	3	2	4	5	2	4	0	24	3	5	6	19	0	6	8	7	4	1	3	3
C[C>T]G	37	18	16	21	8	93	29	29	28	31	19	8	19	14	20	22	23	8	17	21	22	19	16	14	29	25	20	9	20	25	9	17	40	14	18	19	19	17	17	5	23	24	21	16	156	15	22	20	13	9	28	15	27	15	17	13	25	30	5	122	13	15	28	390	3	28	28	23	31	9	18	22
C[C>T]T	5	3	4	7	1	29	2	3	2	1	7	3	5	3	4	9	4	4	6	4	10	7	5	5	10	6	2	6	6	6	2	1	7	6	3	6	5	6	8	3	11	6	6	4	9	10	7	4	1	5	10	7	5	2	6	6	5	5	0	33	4	3	11	16	0	6	9	4	6	6	3	4
C[T>A]A	0	0	2	0	0	1	0	1	0	0	0	1	0	0	1	2	0	0	0	0	1	0	0	0	0	1	0	1	0	0	0	0	1	0	1	0	2	2	0	1	0	0	1	0	0	0	0	0	0	1	0	1	1	0	0	0	1	1	1	2	1	0	0	0	1	0	0	0	1	0	0	0
C[T>A]C	1	2	2	0	0	6	0	1	0	2	2	0	1	2	0	1	1	0	1	2	0	2	5	1	0	3	1	0	2	0	2	0	1	0	1	2	1	1	2	0	0	1	2	0	0	2	2	1	0	2	4	1	4	0	2	0	1	1	0	3	2	1	1	7	0	2	0	4	1	1	0	2
C[T>A]G	2	0	1	0	1	0	2	1	5	0	2	3	0	0	3	1	2	0	1	1	2	3	6	3	1	2	0	0	2	3	0	0	0	2	1	2	1	1	2	0	2	1	1	2	0	0	1	2	1	6	1	1	1	0	1	0	1	1	0	8	1	0	4	4	0	0	1	2	1	0	1	0
C[T>A]T	3	2	0	0	0	10	1	0	1	0	1	1	0	0	1	0	2	0	1	9	0	1	3	0	4	0	0	2	2	0	0	2	1	1	0	5	2	0	1	1	1	1	2	1	2	0	1	0	2	1	1	0	0	0	1	1	2	1	0	4	1	1	2	3	1	0	1	0	3	0	2	1
C[T>C]A	2	0	0	2	1	15	2	1	0	2	1	1	1	0	3	1	2	1	0	1	1	1	4	0	4	1	2	1	2	1	2	1	2	2	0	1	7	2	0	0	3	2	3	3	3	0	1	2	1	0	2	0	1	1	1	2	1	0	0	5	0	1	1	16	0	1	0	1	0	0	0	0
C[T>C]C	4	4	0	2	1	28	5	2	2	5	2	1	3	2	0	4	0	0	2	21	1	2	2	1	2	3	1	0	3	4	4	2	0	3	0	4	3	2	2	2	0	1	2	2	5	4	0	2	1	2	4	1	1	0	2	3	2	0	0	21	2	1	4	34	0	0	2	2	3	1	2	4
C[T>C]G	4	4	4	7	1	57	4	3	3	5	3	4	2	3	1	4	0	7	4	22	3	7	10	5	3	5	3	3	5	3	2	3	1	3	1	1	4	4	1	5	2	3	4	2	31	3	5	5	2	4	6	3	5	1	4	9	3	5	0	15	3	0	7	94	0	1	2	2	0	2	2	3
C[T>C]T	4	2	4	2	0	20	1	1	2	3	0	1	2	4	3	2	4	4	2	29	2	2	3	2	3	6	1	2	2	4	1	4	2	2	2	1	3	3	2	1	2	6	6	1	3	3	7	5	0	2	3	6	3	3	2	5	0	3	0	19	3	0	2	14	0	1	0	0	4	0	5	3
C[T>G]A	1	1	0	0	0	21	0	0	0	0	0	0	0	0	1	0	0	1	1	0	1	1	0	0	1	0	0	0	0	0	0	0	1	1	0	0	0	0	1	0	0	0	0	1	0	0	0	0	0	0	0	0	0	0	0	0	0	0	0	16	0	0	1	2	0	0	0	0	0	0	0	0
C[T>G]C	2	1	0	0	1	21	1	0	2	1	0	1	1	0	1	0	3	1	2	10	1	2	0	1	1	0	1	0	3	0	1	1	0	0	0	1	0	0	1	0	0	0	1	2	5	2	0	0	0	3	1	1	0	1	1	1	1	0	0	24	4	0	1	17	0	1	1	0	2	2	0	0
C[T>G]G	3	0	1	4	2	41	1	1	1	0	0	2	1	1	3	0	1	3	1	4	2	0	1	2	1	1	1	1	2	2	1	3	2	1	0	1	4	3	1	0	1	2	2	2	3	2	0	2	0	0	3	1	1	1	2	3	1	0	0	30	0	0	2	19	0	0	0	1	4	2	2	2
C[T>G]T	0	0	2	0	1	157	0	1	2	1	2	3	1	1	5	0	3	2	0	88	2	3	3	1	3	2	1	0	3	1	0	7	1	4	0	3	1	2	0	0	8	0	2	0	1	2	2	1	0	2	1	4	0	0	1	15	1	0	0	140	1	0	0	14	1	2	1	3	1	1	3	0
G[C>A]A	2	3	2	2	1	9	3	1	3	1	2	0	2	1	10	1	1	1	2	4	4	2	2	5	1	3	2	0	3	4	0	2	2	2	2	2	0	2	3	0	6	4	2	4	1	7	0	2	3	4	4	2	2	1	1	1	1	5	0	9	3	2	4	2	0	4	4	2	2	0	1	0
G[C>A]C	7	0	1	1	3	18	4	3	2	0	1	2	4	0	2	4	1	3	6	5	1	1	2	3	4	0	1	2	3	2	0	5	2	2	1	2	4	2	0	0	3	7	5	2	2	1	3	0	1	3	0	5	1	1	4	2	3	0	0	30	2	4	4	7	0	2	0	0	4	0	2	3
G[C>A]G	5	1	4	3	5	6	1	2	2	3	1	2	1	3	2	1	2	1	3	2	4	2	4	2	5	2	2	3	2	2	0	5	2	3	0	3	3	1	3	0	2	3	3	1	3	2	3	0	1	2	2	1	1	3	1	1	2	1	0	3	1	1	0	10	0	2	3	0	2	1	1	0
G[C>A]T	3	1	2	4	0	49	0	1	5	1	2	1	4	2	7	3	1	1	0	3	1	2	3	1	2	0	2	0	2	1	0	6	2	0	2	0	3	1	1	1	2	4	2	5	2	3	0	1	1	4	2	3	4	3	2	1	1	3	0	74	3	2	2	19	0	3	1	1	1	1	3	0
G[C>G]A	0	2	1	0	0	7	1	2	3	0	2	1	2	1	0	1	1	2	2	0	2	1	0	3	0	1	1	0	1	0	0	1	0	1	0	2	2	1	1	0	2	0	1	0	1	1	0	2	1	1	3	1	1	0	2	0	0	1	0	2	0	0	0	1	0	0	1	0	1	1	2	1
G[C>G]C	0	0	1	1	1	7	5	0	2	1	3	1	1	0	3	2	1	0	0	4	0	1	5	3	1	7	1	0	2	3	0	2	0	0	1	1	0	4	3	0	4	3	1	2	7	2	0	1	1	2	2	3	3	0	0	0	3	1	0	1	0	1	2	8	0	1	0	1	1	0	0	0
G[C>G]G	2	0	1	0	1	1	2	1	0	3	0	0	2	2	1	0	0	0	0	1	1	1	3	0	1	2	1	2	0	1	1	1	1	0	0	2	4	1	1	0	0	1	0	1	1	0	0	0	1	2	1	0	1	0	0	0	3	2	0	2	0	1	2	0	0	1	3	0	1	0	2	1
G[C>G]T	0	2	0	0	2	4	2	1	1	3	4	1	1	2	1	0	1	0	1	5	1	0	4	2	1	6	1	0	3	4	1	0	2	1	2	0	0	3	5	1	1	4	2	2	0	0	2	1	1	4	0	1	1	0	0	2	3	2	0	5	2	1	4	0	0	5	3	1	2	0	1	0
G[C>T]A	4	1	3	9	2	17	4	4	6	3	3	2	1	5	6	5	3	3	5	5	2	5	5	6	4	5	6	3	5	4	3	4	5	5	4	3	3	7	4	0	6	6	1	6	25	6	1	9	5	5	4	2	3	2	5	3	5	6	2	30	4	3	6	54	3	3	1	4	6	4	8	3
G[C>T]C	5	1	4	3	3	114	7	6	4	4	3	4	8	7	7	4	4	5	10	3	7	4	12	2	10	6	8	5	10	9	5	10	6	7	3	8	6	4	5	1	10	5	5	10	41	8	5	7	2	4	5	6	4	1	8	5	5	9	0	196	6	2	9	110	0	10	4	7	6	6	9	8
G[C>T]G	30	19	20	24	11	288	20	25	38	38	17	11	22	14	26	16	22	6	28	25	22	16	12	12	27	18	14	13	17	14	11	25	28	22	24	17	29	14	21	2	33	18	37	19	230	20	11	29	11	10	14	20	23	9	17	25	11	31	1	491	31	9	20	475	4	19	26	28	35	3	20	11
G[C>T]T	8	4	2	6	3	131	8	3	7	5	5	2	3	4	3	3	2	7	3	6	8	2	3	4	1	7	3	5	1	5	4	3	2	9	5	8	5	4	6	3	4	6	2	3	31	1	4	5	3	7	6	4	10	1	5	3	3	4	0	216	6	3	5	60	0	8	6	1	6	1	6	1
G[T>A]A	2	0	0	0	0	2	0	0	1	0	0	1	0	0	1	0	0	0	0	1	0	0	1	0	1	1	0	0	0	1	0	2	0	0	0	1	0	1	0	0	0	0	0	2	2	1	0	0	0	1	0	2	0	0	0	0	1	1	0	2	0	0	2	1	0	0	2	0	0	0	0	0
G[T>A]C	1	0	0	0	0	3	1	0	0	2	0	0	0	0	1	0	0	0	1	2	1	0	3	2	0	0	1	0	3	2	0	1	1	0	2	0	1	1	0	0	1	2	2	0	2	2	2	0	0	2	0	2	0	0	1	1	0	0	0	2	1	0	2	1	0	1	0	0	2	0	0	0
G[T>A]G	0	0	1	2	0	0	0	1	1	1	1	0	0	0	0	4	0	1	0	1	0	1	0	1	1	1	1	1	1	0	1	0	0	1	0	1	0	0	2	0	0	2	1	2	0	0	0	0	0	1	1	2	0	0	0	0	1	0	0	2	1	1	0	1	0	3	1	1	1	0	0	2
G[T>A]T	1	0	1	0	0	2	0	0	0	1	1	0	1	0	1	0	0	0	1	3	1	0	0	0	2	2	0	0	0	1	0	0	0	0	0	0	0	2	0	0	1	1	0	0	0	0	0	3	0	0	3	2	0	0	0	1	0	0	0	2	0	1	1	0	0	1	0	0	0	0	1	0
G[T>C]A	2	3	0	3	2	72	2	0	1	2	0	0	2	0	0	1	1	2	1	3	0	1	0	0	2	2	1	1	1	3	2	2	0	0	3	2	2	1	3	2	0	3	3	2	3	0	2	3	0	1	1	3	1	0	1	2	0	0	0	73	0	0	0	25	0	1	0	3	0	1	2	3
G[T>C]C	2	5	3	1	0	142	3	1	2	6	1	0	1	2	2	1	1	0	1	3	3	3	5	2	2	1	0	6	3	1	2	1	0	0	1	4	0	0	1	1	1	3	2	6	10	4	1	3	1	1	3	1	0	1	4	1	0	2	0	99	2	0	2	24	0	1	1	0	1	0	1	1
G[T>C]G	6	3	3	2	3	95	2	1	1	3	0	0	1	1	2	7	1	3	0	6	3	5	2	4	1	3	1	4	4	2	2	3	3	5	1	1	0	2	4	3	2	6	2	1	11	2	1	3	1	1	0	3	2	1	1	3	3	1	0	58	3	0	2	46	0	0	1	2	4	6	1	0
G[T>C]T	3	1	0	3	1	121	5	2	5	1	2	3	4	1	7	0	1	2	2	6	1	0	2	3	1	3	2	1	2	1	1	2	2	0	0	6	2	1	1	1	1	2	3	1	0	5	2	2	1	2	4	4	3	3	3	0	2	2	0	99	2	1	5	15	0	1	3	1	0	0	1	1
G[T>G]A	0	0	0	0	0	8	0	0	0	0	1	0	0	0	0	0	0	0	1	0	1	0	0	0	0	2	0	0	0	0	0	0	0	0	0	1	1	0	0	0	0	0	0	0	0	1	0	0	0	0	0	1	1	0	0	0	1	0	0	5	0	0	2	1	0	0	0	0	0	0	0	0
G[T>G]C	1	1	1	0	1	23	0	0	0	1	1	0	1	0	0	0	0	0	0	3	0	1	2	0	1	1	0	0	0	0	0	0	2	0	0	0	1	0	0	0	0	0	0	0	0	0	0	0	0	1	0	0	1	0	1	0	1	1	0	29	1	1	2	2	0	0	0	1	0	1	4	0
G[T>G]G	2	1	0	1	0	7	1	0	1	0	1	0	1	0	1	0	0	2	0	1	0	1	0	0	1	2	1	1	0	1	0	1	0	1	0	2	2	0	1	1	0	2	1	0	2	2	0	1	0	3	1	0	3	0	3	0	0	1	0	13	1	2	0	2	0	0	1	2	0	0	1	2
G[T>G]T	4	1	1	1	0	26	2	0	2	0	3	1	0	0	3	0	0	0	0	17	0	1	1	1	1	0	0	0	2	1	0	1	1	0	0	0	2	1	0	0	1	1	1	0	1	1	0	2	0	2	0	2	1	1	1	4	0	0	0	34	1	0	0	4	0	0	1	0	1	0	1	0
T[C>A]A	4	3	1	5	0	199	1	0	4	4	2	2	2	3	3	2	2	0	1	0	2	4	5	2	2	0	1	1	4	3	2	1	2	1	0	0	3	0	1	0	1	2	5	2	0	3	1	3	1	0	3	0	1	0	0	1	2	3	0	386	1	2	2	4	2	2	2	3	3	0	1	0
T[C>A]C	3	1	3	0	0	37	1	1	4	4	0	2	2	4	3	3	3	1	2	4	1	5	2	1	2	1	2	1	1	0	1	0	3	1	1	2	3	4	1	2	3	4	3	2	0	3	3	3	1	3	3	3	1	2	2	0	3	2	0	63	3	3	3	6	0	3	4	0	5	1	2	3
T[C>A]G	2	2	2	1	0	15	0	1	0	1	0	1	1	2	3	1	0	1	0	2	1	2	2	2	1	1	1	1	1	1	1	1	0	0	1	0	2	1	3	0	1	0	0	1	1	1	1	1	0	1	0	0	1	0	2	1	2	0	0	25	1	0	3	2	0	1	2	1	0	0	1	0
T[C>A]T	7	3	0	5	0	1064	4	1	6	0	1	5	2	1	7	3	0	2	4	1	3	4	2	1	1	4	2	0	1	1	1	4	4	4	0	3	3	2	2	0	3	4	0	2	1	2	0	2	0	3	1	1	2	2	0	1	2	5	0	2241	3	5	3	6	0	7	2	4	5	0	0	0
T[C>G]A	2	0	1	0	0	3	0	4	2	2	0	1	2	0	0	2	2	0	2	2	3	0	1	0	2	3	1	1	3	4	1	0	4	0	3	2	1	7	1	0	1	3	0	6	0	0	1	0	1	3	2	0	1	0	3	0	2	0	0	1	2	1	2	0	0	3	1	3	0	1	1	2
T[C>G]C	2	2	0	1	1	1	1	0	0	1	1	3	1	2	4	1	3	0	1	1	0	5	0	4	0	1	4	1	2	3	1	4	2	1	0	1	5	3	1	1	2	7	2	3	0	2	0	1	4	1	3	1	0	4	2	0	2	2	0	4	3	1	6	1	1	3	3	1	1	0	2	2
T[C>G]G	0	1	0	0	1	1	0	0	0	1	2	0	0	1	2	0	0	2	1	0	0	0	1	0	1	1	0	1	0	0	0	0	1	1	0	1	3	1	1	0	1	0	0	0	0	1	0	3	1	1	2	2	0	0	0	0	0	0	0	0	0	0	2	1	0	1	0	2	0	2	1	2
T[C>G]T	3	2	0	2	3	0	2	4	1	1	0	0	1	2	2	1	2	3	1	5	4	8	5	3	3	4	4	2	4	2	1	4	1	2	0	4	3	8	3	0	2	10	6	10	0	3	5	1	0	3	3	4	3	3	0	3	2	0	0	3	2	2	7	4	0	0	0	0	3	0	1	1
T[C>T]A	5	4	4	5	6	28	7	3	8	4	2	4	2	7	1	5	3	1	7	4	3	5	9	2	6	5	2	2	1	7	4	3	2	3	0	7	5	4	3	2	8	5	6	4	1	6	4	4	3	4	5	4	5	2	5	2	0	8	0	40	3	2	6	9	0	8	2	6	9	1	2	2
T[C>T]C	6	5	7	4	2	103	3	3	7	6	4	3	4	4	3	8	6	3	2	8	8	4	1	5	4	8	0	2	7	2	2	5	4	5	2	6	6	3	4	0	2	10	8	6	6	2	2	3	3	1	5	6	5	3	2	4	5	7	0	145	1	7	5	10	0	5	0	3	4	2	4	3
T[C>T]G	19	16	9	14	1	954	17	12	19	12	19	2	12	13	14	16	8	11	10	16	21	10	10	8	10	13	14	4	14	17	8	8	12	10	11	11	15	8	14	3	19	10	18	8	63	19	7	16	3	5	12	10	12	2	8	21	13	19	3	1551	14	5	15	161	3	21	18	8	21	8	18	9
T[C>T]T	10	3	3	3	2	173	7	5	4	3	3	3	2	3	5	2	2	2	3	6	6	6	7	8	2	3	3	1	3	4	3	5	4	4	3	3	4	4	5	4	4	8	8	4	5	3	3	3	3	4	3	3	5	2	3	2	2	4	0	258	5	3	5	5	0	6	3	4	2	4	8	2
T[T>A]A	0	1	0	1	0	1	0	1	0	0	0	0	0	0	0	1	0	0	0	1	0	1	2	1	1	0	0	0	0	0	0	0	1	0	1	0	0	1	0	0	0	1	1	0	2	0	0	0	0	1	1	1	0	0	1	0	0	0	0	1	2	0	0	2	0	0	0	0	0	0	0	0
T[T>A]C	1	0	2	1	0	5	0	0	0	1	2	1	0	0	1	2	0	1	3	1	0	0	1	0	0	1	0	0	1	2	0	1	1	1	0	1	0	2	0	0	0	1	0	3	0	0	0	0	1	1	2	1	1	1	2	1	0	0	0	4	0	0	2	3	0	1	0	0	1	0	2	1
T[T>A]G	1	0	0	0	0	2	0	0	1	0	0	3	1	1	0	0	2	0	0	1	1	0	1	0	3	0	0	0	0	0	1	0	2	0	0	0	0	0	1	0	0	0	1	1	0	0	0	0	1	2	0	1	1	0	0	0	0	0	0	6	1	1	3	0	0	0	0	0	0	1	0	1
T[T>A]T	7	2	0	0	1	7	0	0	2	1	3	0	1	0	1	0	1	0	0	1	1	1	2	1	2	0	0	0	0	1	1	0	0	0	0	0	1	2	0	0	1	1	2	1	1	1	1	1	0	0	2	0	0	0	0	1	1	1	0	17	1	0	2	0	0	1	0	1	1	0	1	0
T[T>C]A	2	0	0	1	2	33	1	1	1	2	1	0	0	0	1	1	1	0	1	1	0	0	1	0	1	1	2	1	0	4	1	2	1	2	0	2	2	2	2	1	1	5	2	1	1	1	4	3	1	2	1	0	1	0	0	0	0	1	1	18	0	0	0	9	1	2	0	2	2	0	1	0
T[T>C]C	2	1	2	3	0	127	1	1	4	1	2	1	0	1	3	1	3	1	1	4	2	0	3	0	1	5	0	2	2	4	0	0	1	0	2	2	1	0	1	2	1	5	2	2	0	0	3	0	0	5	1	2	0	1	0	3	1	1	0	50	1	2	5	19	0	2	2	2	3	4	3	1
T[T>C]G	2	1	0	1	0	63	2	1	3	0	2	0	2	2	0	2	2	4	1	1	4	0	0	1	4	4	2	2	4	2	3	3	4	3	2	2	3	2	4	0	4	1	3	3	3	4	0	3	1	4	0	5	1	1	1	1	3	1	1	36	0	0	4	29	1	2	1	5	2	0	1	1
T[T>C]T	5	3	5	0	1	59	2	2	2	2	1	1	2	4	2	1	0	0	3	5	0	0	3	0	2	1	5	1	3	2	1	2	2	2	1	1	1	2	3	0	1	2	1	1	2	2	2	5	1	3	1	2	3	3	3	0	4	1	0	51	1	1	6	8	0	2	1	4	3	1	1	2
T[T>G]A	0	0	2	0	0	34	0	0	1	0	1	0	0	1	1	0	0	2	0	0	0	0	1	0	1	0	0	0	0	1	0	0	1	1	0	0	0	2	0	0	2	2	0	1	0	0	0	2	0	0	0	0	1	0	1	1	0	0	0	64	0	0	1	0	0	1	0	0	0	1	0	0
T[T>G]C	1	1	0	1	0	71	1	1	4	0	0	0	0	0	1	1	0	0	0	5	1	0	2	0	0	3	0	0	0	1	0	1	0	0	2	1	0	1	0	0	0	0	0	2	0	0	2	0	0	1	0	1	3	1	0	0	0	1	0	73	0	1	2	1	0	1	2	1	1	1	2	1
T[T>G]G	0	1	0	1	0	15	2	0	3	0	2	1	0	1	1	1	0	1	0	1	0	1	4	2	2	2	0	1	0	2	1	1	0	1	0	0	1	3	1	0	0	1	1	0	1	0	0	2	0	2	1	0	1	2	0	0	1	1	0	27	1	1	5	4	0	1	1	0	1	1	1	0
T[T>G]T	4	0	0	1	1	429	1	2	0	0	2	0	2	0	2	2	1	1	1	12	0	1	2	1	4	1	0	0	1	1	2	1	0	0	0	1	1	1	1	1	2	0	2	2	0	1	0	2	0	2	2	1	1	1	1	2	0	2	0	607	1	0	0	1	0	2	1	0	0	0	2	1
