#####SIGNATURE DECOMPOSITION REPORT
###./uploads/ROP-54-ExC85-xgenV2_S37.recode.YJqifIJ7TW_whole_sig.txt	./uploads/ROP-54-ExC85-xgenV2_S37.recode.YJqifIJ7TW_whole_sig.txt
**NUM_MUTATIONS 267
**MUT_SUBCLASSES AC>AA AC>AC AC>AG AC>AT CC>AA CC>AC CC>AG CC>AT GC>AA GC>AC GC>AG GC>AT TC>AA TC>AC TC>AG TC>AT AC>GA AC>GC AC>GG AC>GT CC>GA CC>GC CC>GG CC>GT GC>GA GC>GC GC>GG GC>GT TC>GA TC>GC TC>GG TC>GT AC>TA AC>TC AC>TG AC>TT CC>TA CC>TC CC>TG CC>TT GC>TA GC>TC GC>TG GC>TT TC>TA TC>TC TC>TG TC>TT AT>AA AT>AC AT>AG AT>AT CT>AA CT>AC CT>AG CT>AT GT>AA GT>AC GT>AG GT>AT TT>AA TT>AC TT>AG TT>AT AT>CA AT>CC AT>CG AT>CT CT>CA CT>CC CT>CG CT>CT GT>CA GT>CC GT>CG GT>CT TT>CA TT>CC TT>CG TT>CT AT>GA AT>GC AT>GG AT>GT CT>GA CT>GC CT>GG CT>GT GT>GA GT>GC GT>GG GT>GT TT>GA TT>GC TT>GG TT>GT
**THIS_SPECTRUM 0.00375 0 0 0 0.00375 0.00375 0.00749 0.00375 0.00749 0.01873 0.01124 0.00749 0.01873 0.01124 0 0 0.00375 0.00749 0 0.00749 0 0.00375 0.01124 0.00749 0.00375 0.00375 0 0.00749 0 0.00749 0 0.02247 0.00749 0.01873 0.07865 0.00375 0.02247 0 0.07865 0.02247 0.00375 0.01873 0.13109 0.00749 0.01873 0.02996 0.06367 0.02622 0.00749 0.00375 0 0 0.00375 0.00749 0.00375 0.00749 0 0.00749 0.00375 0 0.00375 0 0.00375 0.00749 0.01873 0 0.02622 0.01124 0.01124 0.00749 0.01498 0.02247 0.01124 0.00749 0.00749 0.01124 0.00749 0.00749 0.01124 0.00375 0 0.00375 0.00375 0 0 0.00375 0.00749 0.00749 0 0 0.00375 0.00375 0 0 0.00375 0.00749
**THIS_SIGs_NUMBER 2
**THIS_SIGs 1 5
**THIS_SIG_CONTRIBUTIONS 0.65928 0.34072
**MAXLIK_SPECTRUM 0.01241 0 0 0 0.00764 0.00653 0.00154 0.00849 0.00948 0.00695 0.00136 0.00645 0.01311 0.01146 0 0 0.00516 0.00419 0 0.00594 0 0.00306 0.00122 0.00412 0.00229 0.00341 0 0.00265 0 0.00406 0 0.00434 0.0269 0.01379 0.11887 0.01394 0.02153 0 0.06739 0.01824 0.02327 0.02405 0.07278 0.01831 0.0133 0.01869 0.05267 0.01309 0.00568 0.00408 0 0 0.0025 0.00337 0.00456 0.00477 0 0.00173 0.00311 0 0.00683 0 0.00315 0.00611 0.02122 0 0.01638 0.01541 0.0076 0.00772 0.01101 0.01092 0.01297 0.00788 0.00809 0.01237 0.01114 0.00804 0.00978 0.01005 0 0.00194 0.00278 0 0 0.00257 0.00349 0.00573 0 0 0.00281 0.00165 0 0 0.0034 0.00721
**MAXLIK_RESIDUALS	 -0.00866 0 0 0 -0.0039 -0.00278 0.00595 -0.00475 -0.00199 0.01178 0.00987 0.00104 0.00562 -0.00023 0 0 -0.00142 0.0033 0 0.00155 0 0.00068 0.01001 0.00337 0.00145 0.00033 0 0.00485 0 0.00343 0 0.01813 -0.01941 0.00494 -0.04022 -0.01019 0.00094 0 0.01126 0.00423 -0.01953 -0.00532 0.05831 -0.01082 0.00543 0.01127 0.011 0.01313 0.00181 -0.00034 0 0 0.00125 0.00412 -0.00082 0.00272 0 0.00576 0.00063 0 -0.00308 0 0.00059 0.00138 -0.0025 0 0.00984 -0.00417 0.00363 -0.00023 0.00397 0.01155 -0.00173 -0.00039 -6e-04 -0.00113 -0.00364 -0.00055 0.00146 -0.0063 0 0.0018 0.00096 0 0 0.00118 0.004 0.00176 0 0 0.00093 0.00209 0 0 0.00034 0.00028
**Goodness_of_fit	 0.581
**Cosine_Similarity	 0.902

