#####SIGNATURE DECOMPOSITION REPORT
###./uploads/ROP-89-ExC85-xgenV2_S57.recode.YJqifIJ7TW_whole_sig.txt	./uploads/ROP-89-ExC85-xgenV2_S57.recode.YJqifIJ7TW_whole_sig.txt
**NUM_MUTATIONS 350
**MUT_SUBCLASSES AC>AA AC>AC AC>AG AC>AT CC>AA CC>AC CC>AG CC>AT GC>AA GC>AC GC>AG GC>AT TC>AA TC>AC TC>AG TC>AT AC>GA AC>GC AC>GG AC>GT CC>GA CC>GC CC>GG CC>GT GC>GA GC>GC GC>GG GC>GT TC>GA TC>GC TC>GG TC>GT AC>TA AC>TC AC>TG AC>TT CC>TA CC>TC CC>TG CC>TT GC>TA GC>TC GC>TG GC>TT TC>TA TC>TC TC>TG TC>TT AT>AA AT>AC AT>AG AT>AT CT>AA CT>AC CT>AG CT>AT GT>AA GT>AC GT>AG GT>AT TT>AA TT>AC TT>AG TT>AT AT>CA AT>CC AT>CG AT>CT CT>CA CT>CC CT>CG CT>CT GT>CA GT>CC GT>CG GT>CT TT>CA TT>CC TT>CG TT>CT AT>GA AT>GC AT>GG AT>GT CT>GA CT>GC CT>GG CT>GT GT>GA GT>GC GT>GG GT>GT TT>GA TT>GC TT>GG TT>GT
**THIS_SPECTRUM 0 0.01714 0 0.01143 0.01714 0.01143 0.01143 0.01429 0.01143 0.01143 0 0.00571 0.00571 0.00857 0.00857 0.00857 0 0.00857 0.00571 0.00857 0.02857 0.01143 0.00857 0.01429 0 0.00571 0.00571 0.01143 0.00571 0.01429 0.00571 0.01714 0.01143 0 0.08 0.01429 0.02 0.01714 0.07429 0.03143 0.01714 0.02286 0.04857 0.01429 0.01714 0.01143 0.04 0.01143 0 0.00857 0 0.00571 0 0.00286 0.01143 0.00571 0.00571 0.00286 0 0.00286 0 0.00571 0.00857 0.00571 0.01714 0.00571 0.02 0.01429 0.00286 0.01143 0.01714 0.00571 0 0.00571 0.00571 0.01429 0 0.01429 0.01143 0.01429 0 0 0.00286 0 0.00286 0.00286 0.00571 0 0.00571 0.00571 0 0 0.00286 0.00571 0.01429 0
**THIS_SIGs_NUMBER 3
**THIS_SIGs 1 3 20
**THIS_SIG_CONTRIBUTIONS 0.48402 0.45022 0.06576
**MAXLIK_SPECTRUM 0 0.01262 0 0.01054 0.01279 0.01305 0.00214 0.01691 0.00842 0.00788 0 0.00851 0.01122 0.01315 0.00178 0.01554 0 0.00686 0.00266 0.01197 0.0082 0.00647 0.00213 0.0115 0 0.0057 0.00075 0.00858 0.00813 0.01008 0.00129 0.01628 0.02449 0 0.08696 0.01401 0.01733 0.014 0.05076 0.01643 0.02307 0.02042 0.05098 0.0166 0.01172 0.01519 0.03908 0.01193 0 0.0046 0 0.00848 0 0.00694 0.00598 0.00862 0.00234 0.00305 0 0.00505 0 0.00511 0.00349 0.0087 0.01368 0.00844 0.01378 0.01261 0.00655 0.01025 0.01206 0.00935 0 0.00631 0.00695 0.00864 0 0.00802 0.00834 0.00823 0 0 0.00479 0 0.00104 0.0042 0.0065 0 0.00191 0.00231 0 0 0.00312 0.00342 0.006 0
**MAXLIK_RESIDUALS	 0 0.00452 0 0.00089 0.00435 -0.00162 0.00929 -0.00262 0.003 0.00354 0 -0.00279 -0.00551 -0.00457 0.00679 -0.00697 0 0.00171 0.00305 -0.0034 0.02037 0.00496 0.00645 0.00278 0 1e-05 0.00496 0.00285 -0.00242 0.0042 0.00443 0.00086 -0.01306 0 -0.00696 0.00028 0.00267 0.00315 0.02352 0.015 -0.00593 0.00244 -0.00241 -0.00231 0.00543 -0.00376 0.00092 -5e-04 0 0.00397 0 -0.00276 0 -0.00408 0.00545 -0.00291 0.00337 -0.00019 0 -0.0022 0 6e-04 0.00508 -0.00299 0.00346 -0.00272 0.00622 0.00168 -0.0037 0.00118 0.00508 -0.00363 0 -6e-04 -0.00124 0.00564 0 0.00626 0.00308 0.00605 0 0 -0.00193 0 0.00182 -0.00134 -0.00078 0 0.0038 0.0034 0 0 -0.00026 0.00229 0.00828 0
**Goodness_of_fit	 0.685
**Cosine_Similarity	 0.953

