#####SIGNATURE DECOMPOSITION REPORT
###./uploads/ROP-97-ExC85-xgenV2_S65.recode.YJqifIJ7TW_whole_sig.txt	./uploads/ROP-97-ExC85-xgenV2_S65.recode.YJqifIJ7TW_whole_sig.txt
**NUM_MUTATIONS 211
**MUT_SUBCLASSES AC>AA AC>AC AC>AG AC>AT CC>AA CC>AC CC>AG CC>AT GC>AA GC>AC GC>AG GC>AT TC>AA TC>AC TC>AG TC>AT AC>GA AC>GC AC>GG AC>GT CC>GA CC>GC CC>GG CC>GT GC>GA GC>GC GC>GG GC>GT TC>GA TC>GC TC>GG TC>GT AC>TA AC>TC AC>TG AC>TT CC>TA CC>TC CC>TG CC>TT GC>TA GC>TC GC>TG GC>TT TC>TA TC>TC TC>TG TC>TT AT>AA AT>AC AT>AG AT>AT CT>AA CT>AC CT>AG CT>AT GT>AA GT>AC GT>AG GT>AT TT>AA TT>AC TT>AG TT>AT AT>CA AT>CC AT>CG AT>CT CT>CA CT>CC CT>CG CT>CT GT>CA GT>CC GT>CG GT>CT TT>CA TT>CC TT>CG TT>CT AT>GA AT>GC AT>GG AT>GT CT>GA CT>GC CT>GG CT>GT GT>GA GT>GC GT>GG GT>GT TT>GA TT>GC TT>GG TT>GT
**THIS_SPECTRUM 0.00474 0.01422 0 0 0.00948 0.01422 0.00474 0.00948 0.00474 0.00474 0.00474 0.00474 0.00474 0.00474 0.00474 0 0.00474 0.00948 0.00474 0.00474 0.00948 0.00948 0.01422 0 0.00948 0 0.00948 0.00474 0.00474 0.00948 0.00474 0.00474 0.01422 0.01422 0.08057 0.01422 0.01896 0.00948 0.08531 0.00948 0.02844 0.04265 0.09479 0.0237 0.00948 0.01896 0.08531 0.02844 0 0.00948 0.01422 0 0 0 0 0.00948 0 0 0 0.00474 0 0.00948 0 0.00474 0 0 0.00948 0.01896 0 0.00948 0.00474 0.01896 0.00474 0.00474 0.00474 0.00474 0.00474 0.01422 0.00474 0.00474 0 0 0 0.00474 0 0 0.00474 0.01422 0 0.01422 0 0.00474 0 0.00948 0.00474 0.00948
**THIS_SIGs_NUMBER 2
**THIS_SIGs 1 3
**THIS_SIG_CONTRIBUTIONS 0.69005 0.30995
**MAXLIK_SPECTRUM 0.01453 0.01185 0 0 0.01037 0.00995 0.00122 0.00952 0.00869 0.00733 0.00071 0.00686 0.01207 0.01285 0.00199 0 0.00868 0.00555 0.00204 0.00926 0.0061 0.00468 0.00164 0 0.00411 0 0.00052 0.00617 0.00627 0.00767 0.00099 0.0123 0.02591 0.01264 0.11955 0.0133 0.01888 0.01542 0.06704 0.01679 0.02221 0.02129 0.07184 0.0155 0.01275 0.01639 0.05297 0.01269 0 0.00392 0.00422 0 0 0 0 0.0066 0 0 0 0.00414 0 0.0042 0 0.00731 0 0 0.01063 0.01165 0 0.0081 0.00745 0.00833 0.00988 0.00677 0.00533 0.00969 0.0084 0.00675 0.00764 0.00766 0 0 0 0.00436 0 0 0.00435 0.00461 0 0.00154 0 0.00274 0 0.0028 0.00483 0.00681
**MAXLIK_RESIDUALS	 -0.00979 0.00237 0 0 -0.00089 0.00427 0.00351 -4e-05 -0.00395 -0.00259 0.00403 -0.00212 -0.00733 -0.00811 0.00275 0 -0.00394 0.00393 0.0027 -0.00452 0.00337 0.0048 0.01257 0 0.00537 0 0.00896 -0.00143 -0.00153 0.00181 0.00375 -0.00756 -0.01169 0.00158 -0.03898 0.00092 8e-05 -0.00594 0.01826 -0.00731 0.00622 0.02137 0.02294 0.0082 -0.00327 0.00256 0.03233 0.01575 0 0.00556 0.01 0 0 0 0 0.00287 0 0 0 6e-04 0 0.00528 0 -0.00257 0 0 -0.00115 0.00731 0 0.00138 -0.00271 0.01063 -0.00515 -0.00203 -0.00059 -0.00495 -0.00366 0.00747 -0.0029 -0.00292 0 0 0 0.00038 0 0 0.00039 0.00961 0 0.01268 0 0.002 0 0.00668 -1e-04 0.00267
**Goodness_of_fit	 0.57
**Cosine_Similarity	 0.921

