#####SIGNATURE DECOMPOSITION REPORT
###./uploads/ROP-128-ExC85-xgenV2_S90.recode.YJqifIJ7TW_whole_sig.txt	./uploads/ROP-128-ExC85-xgenV2_S90.recode.YJqifIJ7TW_whole_sig.txt
**NUM_MUTATIONS 155
**MUT_SUBCLASSES AC>AA AC>AC AC>AG AC>AT CC>AA CC>AC CC>AG CC>AT GC>AA GC>AC GC>AG GC>AT TC>AA TC>AC TC>AG TC>AT AC>GA AC>GC AC>GG AC>GT CC>GA CC>GC CC>GG CC>GT GC>GA GC>GC GC>GG GC>GT TC>GA TC>GC TC>GG TC>GT AC>TA AC>TC AC>TG AC>TT CC>TA CC>TC CC>TG CC>TT GC>TA GC>TC GC>TG GC>TT TC>TA TC>TC TC>TG TC>TT AT>AA AT>AC AT>AG AT>AT CT>AA CT>AC CT>AG CT>AT GT>AA GT>AC GT>AG GT>AT TT>AA TT>AC TT>AG TT>AT AT>CA AT>CC AT>CG AT>CT CT>CA CT>CC CT>CG CT>CT GT>CA GT>CC GT>CG GT>CT TT>CA TT>CC TT>CG TT>CT AT>GA AT>GC AT>GG AT>GT CT>GA CT>GC CT>GG CT>GT GT>GA GT>GC GT>GG GT>GT TT>GA TT>GC TT>GG TT>GT
**THIS_SPECTRUM 0 0.00645 0 0 0 0.00645 0.0129 0.00645 0.00645 0.0129 0.00645 0.00645 0 0.00645 0.00645 0.0129 0 0.00645 0 0 0.0129 0.01935 0.0129 0.00645 0.0129 0 0 0 0 0 0.0129 0.01935 0.00645 0.00645 0.01935 0.05161 0.03871 0.01935 0.05161 0.02581 0.01935 0.03226 0.03871 0.04516 0.00645 0.01935 0.07097 0.0129 0 0.00645 0 0 0 0 0 0 0 0 0.00645 0 0 0.00645 0 0 0.01935 0 0.03871 0.01935 0.00645 0 0.04516 0.02581 0.0129 0 0.0129 0.0129 0 0.00645 0.01935 0 0 0 0.0129 0.00645 0.00645 0.00645 0.01935 0.0129 0 0 0.0129 0 0.0129 0 0.00645 0.00645
**THIS_SIGs_NUMBER 3
**THIS_SIGs 5 6 10
**THIS_SIG_CONTRIBUTIONS 0.69203 0.24023 0.06774
**MAXLIK_SPECTRUM 0 0.00694 0 0 0 0.00928 0.00417 0.02242 0.0089 0.00794 0.00246 0.00981 0 0.00973 0.00317 0.0349 0 0.00535 0 0 0.00522 0.00528 0.00181 0.00656 0.00385 0 0 0 0 0 0.00091 0.00463 0.02261 0.01296 0.03427 0.0153 0.01788 0.01466 0.03128 0.01652 0.02955 0.03195 0.04313 0.02711 0.00964 0.01733 0.02911 0.01194 0 0.00593 0 0 0 0 0 0 0 0 0.00486 0 0 0.00498 0 0 0.02649 0 0.02508 0.01972 0.01138 0 0.01956 0.01411 0.01464 0 0.01289 0.01269 0 0.01132 0.0117 0 0 0 0.00407 0.00427 0.00159 0.00349 0.0064 0.01125 0 0 0.00442 0 0.00416 0 0.0046 0.01527
**MAXLIK_RESIDUALS	 0 -0.00049 0 0 0 -0.00283 0.00873 -0.01597 -0.00245 0.00496 0.00399 -0.00336 0 -0.00328 0.00328 -0.022 0 0.0011 0 0 0.00769 0.01407 0.01109 -0.00011 0.00906 0 0 0 0 0 0.01199 0.01473 -0.01616 -0.00651 -0.01491 0.03631 0.02083 0.0047 0.02033 0.00929 -0.0102 0.00031 -0.00442 0.01805 -0.00319 0.00203 0.04186 0.00096 0 0.00052 0 0 0 0 0 0 0 0 0.00159 0 0 0.00147 0 0 -0.00713 0 0.01363 -0.00036 -0.00493 0 0.0256 0.01169 -0.00174 0 1e-05 0.00021 0 -0.00487 0.00765 0 0 0 0.00883 0.00218 0.00487 0.00296 0.01296 0.00166 0 0 0.00849 0 0.00875 0 0.00185 -0.00882
**Goodness_of_fit	 0.506
**Cosine_Similarity	 0.845

