#####SIGNATURE DECOMPOSITION REPORT
###./uploads/ROP-110-ExC85-xgenV2_S74.recode.YJqifIJ7TW_whole_sig.txt	./uploads/ROP-110-ExC85-xgenV2_S74.recode.YJqifIJ7TW_whole_sig.txt
**NUM_MUTATIONS 232
**MUT_SUBCLASSES AC>AA AC>AC AC>AG AC>AT CC>AA CC>AC CC>AG CC>AT GC>AA GC>AC GC>AG GC>AT TC>AA TC>AC TC>AG TC>AT AC>GA AC>GC AC>GG AC>GT CC>GA CC>GC CC>GG CC>GT GC>GA GC>GC GC>GG GC>GT TC>GA TC>GC TC>GG TC>GT AC>TA AC>TC AC>TG AC>TT CC>TA CC>TC CC>TG CC>TT GC>TA GC>TC GC>TG GC>TT TC>TA TC>TC TC>TG TC>TT AT>AA AT>AC AT>AG AT>AT CT>AA CT>AC CT>AG CT>AT GT>AA GT>AC GT>AG GT>AT TT>AA TT>AC TT>AG TT>AT AT>CA AT>CC AT>CG AT>CT CT>CA CT>CC CT>CG CT>CT GT>CA GT>CC GT>CG GT>CT TT>CA TT>CC TT>CG TT>CT AT>GA AT>GC AT>GG AT>GT CT>GA CT>GC CT>GG CT>GT GT>GA GT>GC GT>GG GT>GT TT>GA TT>GC TT>GG TT>GT
**THIS_SPECTRUM 0 0 0.00431 0.00431 0.00431 0.01293 0.00431 0.00431 0.00431 0 0.01293 0.00431 0.01724 0.01724 0.00431 0 0.00431 0 0.00431 0 0.00431 0 0 0 0 0.00431 0.00862 0.01293 0.00862 0.00431 0.00431 0.00431 0.02586 0.01293 0.08621 0.00431 0.00862 0.01293 0.12931 0.00431 0.00862 0.01724 0.15517 0.01724 0.01724 0.02586 0.04741 0.01293 0 0 0.02586 0.00862 0 0.00862 0 0 0 0.00862 0.00431 0.00431 0 0.00431 0 0.00431 0.01724 0.00431 0.01724 0.00431 0.00862 0.02155 0.02155 0.01293 0 0.02586 0.01293 0.00431 0.00862 0.00431 0 0.00862 0.00431 0 0 0 0 0.00431 0 0.00431 0 0.00431 0 0 0 0 0 0
**THIS_SIGs_NUMBER 2
**THIS_SIGs 1 15
**THIS_SIG_CONTRIBUTIONS 0.73331 0.26669
**MAXLIK_SPECTRUM 0 0 0.00109 0.00609 0.00766 0.00762 0.00105 0.01135 0.00668 0 8e-04 0.01151 0.0105 0.00984 0.00234 0 0.00161 0 0.00059 0 0.00118 0 0 0 0 0.00189 0.00016 0.00113 0.00161 0.00221 0.00022 0.00271 0.02476 0.01501 0.13411 0.01102 0.01668 0.01591 0.07422 0.01511 0.03099 0.05579 0.12473 0.03431 0.01361 0.01713 0.05851 0.01212 0 0 0.0023 0.00824 0 0.00254 0 0 0 0.00142 0.00157 0.00269 0 0.00197 0 0.003 0.01327 0.00655 0.00938 0.00847 0.00392 0.00519 0.00856 0.00586 0 0.01844 0.00776 0.01033 0.00773 0.0062 0 0.00584 0.00116 0 0 0 0 0.00205 0 0.00322 0 0.00074 0 0 0 0 0 0
**MAXLIK_RESIDUALS	 0 0 0.00322 -0.00178 -0.00335 0.00531 0.00326 -0.00704 -0.00237 0 0.01213 -0.0072 0.00674 0.0074 0.00197 0 0.0027 0 0.00372 0 0.00313 0 0 0 0 0.00242 0.00846 0.0118 0.00701 0.0021 0.00409 0.0016 0.0011 -0.00208 -0.0479 -0.00671 -0.00806 -0.00298 0.05509 -0.0108 -0.02237 -0.03855 0.03045 -0.01707 0.00363 0.00874 -0.01109 0.00081 0 0 0.02356 0.00038 0 0.00608 0 0 0 0.0072 0.00274 0.00162 0 0.00234 0 0.00131 0.00397 -0.00224 0.00786 -0.00416 0.0047 0.01637 0.013 0.00707 0 0.00742 0.00517 -0.00602 0.00089 -0.00189 0 0.00278 0.00315 0 0 0 0 0.00226 0 0.00109 0 0.00358 0 0 0 0 0 0
**Goodness_of_fit	 0.485
**Cosine_Similarity	 0.901

