#####SIGNATURE DECOMPOSITION REPORT
###./uploads/ROP-17-ExC85-xgenV2_S13.recode.YJqifIJ7TW_whole_sig.txt	./uploads/ROP-17-ExC85-xgenV2_S13.recode.YJqifIJ7TW_whole_sig.txt
**NUM_MUTATIONS 147
**MUT_SUBCLASSES AC>AA AC>AC AC>AG AC>AT CC>AA CC>AC CC>AG CC>AT GC>AA GC>AC GC>AG GC>AT TC>AA TC>AC TC>AG TC>AT AC>GA AC>GC AC>GG AC>GT CC>GA CC>GC CC>GG CC>GT GC>GA GC>GC GC>GG GC>GT TC>GA TC>GC TC>GG TC>GT AC>TA AC>TC AC>TG AC>TT CC>TA CC>TC CC>TG CC>TT GC>TA GC>TC GC>TG GC>TT TC>TA TC>TC TC>TG TC>TT AT>AA AT>AC AT>AG AT>AT CT>AA CT>AC CT>AG CT>AT GT>AA GT>AC GT>AG GT>AT TT>AA TT>AC TT>AG TT>AT AT>CA AT>CC AT>CG AT>CT CT>CA CT>CC CT>CG CT>CT GT>CA GT>CC GT>CG GT>CT TT>CA TT>CC TT>CG TT>CT AT>GA AT>GC AT>GG AT>GT CT>GA CT>GC CT>GG CT>GT GT>GA GT>GC GT>GG GT>GT TT>GA TT>GC TT>GG TT>GT
**THIS_SPECTRUM 0.01361 0.02041 0.0068 0 0.0068 0 0 0.0068 0.02041 0.0068 0.01361 0.0068 0.0068 0 0 0.0068 0.0068 0 0 0.0068 0.01361 0 0.0068 0 0.0068 0.01361 0 0.0068 0 0.02041 0 0.02041 0.02041 0.04762 0.04762 0.02041 0.0068 0.04082 0.08844 0.02721 0.02041 0.01361 0.07483 0.01361 0.01361 0.02721 0.05442 0.04762 0 0 0 0 0 0 0.01361 0 0 0.0068 0.0068 0 0.0068 0 0 0.0068 0.01361 0.01361 0.01361 0.02041 0 0.0068 0.01361 0.01361 0 0.0068 0.01361 0.01361 0 0 0 0 0 0 0.0068 0 0 0.0068 0.0068 0.0068 0 0 0 0.0068 0 0 0.01361 0
**THIS_SIGs_NUMBER 3
**THIS_SIGs 1 3 11
**THIS_SIG_CONTRIBUTIONS 0.47315 0.36932 0.15752
**MAXLIK_SPECTRUM 0.01347 0.01109 0.00149 0 0.01017 0 0 0.00906 0.00754 0.00689 0.00063 0.00672 0.01024 0 0 0.01331 0.00983 0 0 0.01014 0.00682 0 0.00191 0 0.00469 0.00479 0 0.00704 0 0.00859 0 0.01368 0.02411 0.02737 0.08367 0.0215 0.02009 0.03582 0.04865 0.02689 0.02187 0.03124 0.05087 0.02051 0.01489 0.03839 0.03785 0.02534 0 0 0 0 0 0 0.00505 0 0 0.00238 0.00361 0 0.00533 0 0 0.00744 0.01149 0.0066 0.00925 0.0107 0 0.00788 0.00644 0.00773 0 0.00588 0.00491 0.00818 0 0 0 0 0 0 0.00402 0 0 0.00316 0.00479 0.00467 0 0 0 0.00299 0 0 0.0051 0
**MAXLIK_RESIDUALS	 0.00013 0.00932 0.00531 0 -0.00336 0 0 -0.00226 0.01287 -8e-05 0.01297 9e-05 -0.00344 0 0 -0.00651 -0.00302 0 0 -0.00334 0.00678 0 0.00489 0 0.00212 0.00881 0 -0.00023 0 0.01181 0 0.00672 -0.0037 0.02024 -0.03605 -0.0011 -0.01328 0.00499 0.03979 0.00032 -0.00146 -0.01764 0.02396 -0.00691 -0.00129 -0.01118 0.01657 0.02227 0 0 0 0 0 0 0.00856 0 0 0.00442 0.00319 0 0.00147 0 0 -0.00064 0.00211 0.00701 0.00436 0.00971 0 -0.00108 0.00716 0.00588 0 0.00093 0.0087 0.00542 0 0 0 0 0 0 0.00279 0 0 0.00364 0.00201 0.00213 0 0 0 0.00381 0 0 0.00851 0
**Goodness_of_fit	 0.582
**Cosine_Similarity	 0.895

