#####SIGNATURE DECOMPOSITION REPORT
###./uploads/ROP-47-ExC85-xgenV2_S33.recode.YJqifIJ7TW_whole_sig.txt	./uploads/ROP-47-ExC85-xgenV2_S33.recode.YJqifIJ7TW_whole_sig.txt
**NUM_MUTATIONS 194
**MUT_SUBCLASSES AC>AA AC>AC AC>AG AC>AT CC>AA CC>AC CC>AG CC>AT GC>AA GC>AC GC>AG GC>AT TC>AA TC>AC TC>AG TC>AT AC>GA AC>GC AC>GG AC>GT CC>GA CC>GC CC>GG CC>GT GC>GA GC>GC GC>GG GC>GT TC>GA TC>GC TC>GG TC>GT AC>TA AC>TC AC>TG AC>TT CC>TA CC>TC CC>TG CC>TT GC>TA GC>TC GC>TG GC>TT TC>TA TC>TC TC>TG TC>TT AT>AA AT>AC AT>AG AT>AT CT>AA CT>AC CT>AG CT>AT GT>AA GT>AC GT>AG GT>AT TT>AA TT>AC TT>AG TT>AT AT>CA AT>CC AT>CG AT>CT CT>CA CT>CC CT>CG CT>CT GT>CA GT>CC GT>CG GT>CT TT>CA TT>CC TT>CG TT>CT AT>GA AT>GC AT>GG AT>GT CT>GA CT>GC CT>GG CT>GT GT>GA GT>GC GT>GG GT>GT TT>GA TT>GC TT>GG TT>GT
**THIS_SPECTRUM 0.01546 0 0.00515 0 0.01546 0.00515 0.01546 0.01031 0.00515 0 0.01546 0.00515 0.00515 0.00515 0.01031 0.01031 0.00515 0.00515 0 0.00515 0 0.00515 0 0.01031 0.00515 0.01546 0.00515 0.01031 0.00515 0.00515 0.00515 0.01546 0 0.01031 0.04639 0.01031 0.02062 0.01031 0.08247 0.04124 0.02062 0.02062 0.09794 0.03093 0.01546 0.02062 0.06701 0.02577 0 0.01031 0 0.00515 0 0.00515 0.00515 0.00515 0 0 0.00515 0 0 0 0.00515 0 0.01546 0.02062 0.02062 0.02577 0 0.00515 0.00515 0.01031 0.01031 0.00515 0.01546 0.00515 0.01031 0.00515 0.02062 0.01546 0 0 0 0 0.00515 0.00515 0 0 0 0 0.00515 0 0 0 0.00515 0.00515
**THIS_SIGs_NUMBER 2
**THIS_SIGs 1 5
**THIS_SIG_CONTRIBUTIONS 0.50132 0.49868
**MAXLIK_SPECTRUM 0.01301 0 0.00185 0 0.00813 0.00615 0.00184 0.00909 0.01006 0 0.00171 0.00737 0.01351 0.0116 0.00309 0.01675 0.00672 0.00493 0 0.00732 0 0.00416 0 0.00539 0.00307 0.00389 0.00055 0.00346 0.00228 0.00499 0.00081 0.00489 0 0.01354 0.09441 0.01455 0.02183 0.01801 0.05433 0.01877 0.0225 0.0226 0.0585 0.01859 0.01275 0.01916 0.04186 0.01278 0 0.00488 0 0.00977 0 0.00405 0.00599 0.00597 0 0 0.004 0 0 0 0.00411 0 0.02461 0.01001 0.01927 0.01826 0 0.00886 0.01286 0.01287 0.01376 0.00828 0.00953 0.01316 0.01255 0.00951 0.01046 0.0118 0 0 0 0 0.00117 0.00279 0 0 0 0 0.00356 0 0 0 0.00404 0.00869
**MAXLIK_RESIDUALS	 0.00245 0 0.00331 0 0.00733 -0.001 0.01362 0.00121 -0.0049 0 0.01375 -0.00222 -0.00835 -0.00645 0.00722 -0.00644 -0.00157 0.00022 0 -0.00216 0 0.001 0 0.00492 0.00208 0.01158 0.00461 0.00685 0.00288 0.00017 0.00434 0.01057 0 -0.00323 -0.04802 -0.00424 -0.00121 -0.0077 0.02815 0.02247 -0.00188 -0.00199 0.03944 0.01233 0.00271 0.00146 0.02515 0.013 0 0.00543 0 -0.00462 0 0.0011 -0.00083 -0.00082 0 0 0.00115 0 0 0 0.00105 0 -0.00915 0.01061 0.00135 0.00752 0 -0.00371 -0.00771 -0.00256 -0.00346 -0.00313 0.00594 -0.00801 -0.00225 -0.00436 0.01016 0.00366 0 0 0 0 0.00398 0.00237 0 0 0 0 0.00159 0 0 0 0.00112 -0.00353
**Goodness_of_fit	 0.545
**Cosine_Similarity	 0.877

