#####SIGNATURE DECOMPOSITION REPORT
###./uploads/ROP-33-ExC85-xgenV2_S24.recode.YJqifIJ7TW_whole_sig.txt	./uploads/ROP-33-ExC85-xgenV2_S24.recode.YJqifIJ7TW_whole_sig.txt
**NUM_MUTATIONS 251
**MUT_SUBCLASSES AC>AA AC>AC AC>AG AC>AT CC>AA CC>AC CC>AG CC>AT GC>AA GC>AC GC>AG GC>AT TC>AA TC>AC TC>AG TC>AT AC>GA AC>GC AC>GG AC>GT CC>GA CC>GC CC>GG CC>GT GC>GA GC>GC GC>GG GC>GT TC>GA TC>GC TC>GG TC>GT AC>TA AC>TC AC>TG AC>TT CC>TA CC>TC CC>TG CC>TT GC>TA GC>TC GC>TG GC>TT TC>TA TC>TC TC>TG TC>TT AT>AA AT>AC AT>AG AT>AT CT>AA CT>AC CT>AG CT>AT GT>AA GT>AC GT>AG GT>AT TT>AA TT>AC TT>AG TT>AT AT>CA AT>CC AT>CG AT>CT CT>CA CT>CC CT>CG CT>CT GT>CA GT>CC GT>CG GT>CT TT>CA TT>CC TT>CG TT>CT AT>GA AT>GC AT>GG AT>GT CT>GA CT>GC CT>GG CT>GT GT>GA GT>GC GT>GG GT>GT TT>GA TT>GC TT>GG TT>GT
**THIS_SPECTRUM 0.01594 0.00797 0.00398 0.00797 0 0.00398 0.00797 0 0.01594 0.00797 0.00797 0.00398 0.01195 0 0.00398 0.00398 0.01594 0.01195 0 0 0.00398 0.01195 0 0.00797 0 0.01195 0.00398 0.01594 0.01594 0.00797 0 0.00797 0.02789 0.01594 0.08367 0.02789 0.01594 0.01594 0.09562 0.0239 0.01594 0.03586 0.05179 0.01594 0.0239 0.00797 0.06375 0.01594 0.00398 0.00797 0.01195 0.00398 0 0 0.01195 0 0.00398 0.00797 0 0.00398 0 0.00797 0 0.00398 0.00398 0 0.01195 0.01594 0.00398 0.01594 0.00797 0.01195 0.01195 0.00398 0.00797 0.00398 0.01195 0.00797 0.00797 0.00797 0 0.00398 0 0 0 0 0.00797 0 0 0 0.00398 0.00398 0.00398 0.00398 0.00797 0.00398
**THIS_SIGs_NUMBER 2
**THIS_SIGs 1 3
**THIS_SIG_CONTRIBUTIONS 0.60232 0.39768
**MAXLIK_SPECTRUM 0.0155 0.01262 0.00175 0.01022 0 0.01069 0.00132 0 0.00881 0.00778 0.00074 0.00754 0.01201 0 0.00191 0.01568 0.01063 0.00639 0 0 0.00747 0.0058 0 0.01039 0 0.00535 0.00066 0.00766 0.00751 0.00926 0 0.01489 0.02488 0.01216 0.10481 0.01349 0.01831 0.01454 0.05897 0.0167 0.02144 0.01962 0.06287 0.01487 0.01226 0.01603 0.04646 0.01239 0.00577 0.00436 0.00462 0.00852 0 0 0.00547 0 0.00218 0.00257 0 0.00472 0 0.00482 0 0.00825 0.01357 0 0.01077 0.01233 0.00566 0.0089 0.00757 0.00879 0.0095 0.00671 0.00542 0.00941 0.00849 0.00728 0.00745 0.00805 0 0.00166 0 0 0 0 0.00513 0 0 0 0.00723 0.00329 0.003 0.00323 0.00563 0.0076
**MAXLIK_RESIDUALS	 0.00043 -0.00465 0.00224 -0.00225 0 -0.00671 0.00665 0 0.00712 0.00019 0.00723 -0.00356 -6e-05 0 0.00207 -0.0117 0.00531 0.00556 0 0 -0.00348 0.00615 0 -0.00243 0 0.0066 0.00332 0.00828 0.00843 -0.00129 0 -0.00692 0.003 0.00377 -0.02114 0.0144 -0.00237 0.00139 0.03665 0.0072 -0.0055 0.01623 -0.01107 0.00106 0.01164 -0.00806 0.01729 0.00355 -0.00179 0.00361 0.00733 -0.00453 0 0 0.00648 0 0.00181 0.0054 0 -0.00074 0 0.00314 0 -0.00426 -0.00958 0 0.00119 0.00361 -0.00167 0.00703 0.00039 0.00316 0.00245 -0.00272 0.00254 -0.00543 0.00346 0.00069 0.00052 -9e-05 0 0.00233 0 0 0 0 0.00284 0 0 0 -0.00325 0.00069 0.00098 0.00076 0.00234 -0.00361
**Goodness_of_fit	 0.623
**Cosine_Similarity	 0.935

