#####SIGNATURE DECOMPOSITION REPORT
###./uploads/ROP-18-ExC85-xgenV2_S14.recode.YJqifIJ7TW_whole_sig.txt	./uploads/ROP-18-ExC85-xgenV2_S14.recode.YJqifIJ7TW_whole_sig.txt
**NUM_MUTATIONS 255
**MUT_SUBCLASSES AC>AA AC>AC AC>AG AC>AT CC>AA CC>AC CC>AG CC>AT GC>AA GC>AC GC>AG GC>AT TC>AA TC>AC TC>AG TC>AT AC>GA AC>GC AC>GG AC>GT CC>GA CC>GC CC>GG CC>GT GC>GA GC>GC GC>GG GC>GT TC>GA TC>GC TC>GG TC>GT AC>TA AC>TC AC>TG AC>TT CC>TA CC>TC CC>TG CC>TT GC>TA GC>TC GC>TG GC>TT TC>TA TC>TC TC>TG TC>TT AT>AA AT>AC AT>AG AT>AT CT>AA CT>AC CT>AG CT>AT GT>AA GT>AC GT>AG GT>AT TT>AA TT>AC TT>AG TT>AT AT>CA AT>CC AT>CG AT>CT CT>CA CT>CC CT>CG CT>CT GT>CA GT>CC GT>CG GT>CT TT>CA TT>CC TT>CG TT>CT AT>GA AT>GC AT>GG AT>GT CT>GA CT>GC CT>GG CT>GT GT>GA GT>GC GT>GG GT>GT TT>GA TT>GC TT>GG TT>GT
**THIS_SPECTRUM 0.00784 0.01176 0.00784 0 0.00784 0.00392 0 0.00392 0.00392 0.01569 0.01961 0.00784 0.00392 0.00784 0.00392 0.00392 0.01569 0 0 0.00392 0.00784 0.00784 0.01176 0.00784 0 0.00392 0.00392 0.00392 0.00784 0 0.00392 0.01176 0.02353 0.00392 0.07843 0.01569 0.02745 0.01176 0.1098 0.03922 0.01176 0.03922 0.09412 0.00392 0.02353 0.01176 0.03922 0.00392 0 0 0.00392 0.00784 0 0 0.00392 0.01569 0.00392 0 0.00392 0.00784 0.00392 0 0.01176 0.00784 0.01176 0.00392 0 0.01961 0.01176 0.00784 0.01176 0.01176 0.00784 0.00392 0.00392 0.00392 0.00392 0.00392 0.01569 0.00784 0 0 0 0.00392 0.00392 0.00392 0.00392 0.01176 0 0.00392 0.00392 0.00392 0 0 0.00784 0.01569
**THIS_SIGs_NUMBER 2
**THIS_SIGs 1 3
**THIS_SIG_CONTRIBUTIONS 0.65701 0.34299
**MAXLIK_SPECTRUM 0.0149 0.01214 0.00171 0 0.01078 0.01023 0 0.00977 0.00873 0.0075 0.00072 0.00712 0.01205 0.01303 0.00196 0.01563 0.00942 0 0 0.00993 0.00662 0.0051 0.00177 0.00916 0 0.00494 0.00057 0.00673 0.00673 0 0.00107 0.01328 0.02552 0.01246 0.114 0.01337 0.01867 0.01509 0.064 0.01676 0.02192 0.02066 0.06846 0.01526 0.01257 0.01626 0.05052 0.01258 0 0 0.00437 0.0085 0 0 0.00492 0.00708 0.00197 0 0.00356 0.00436 0.00613 0 0.00297 0.00766 0.01361 0.00727 0 0.01191 0.00545 0.0084 0.0075 0.0085 0.00974 0.00675 0.00536 0.00958 0.00843 0.00695 0.00757 0.00781 0 0 0 0.00449 0.00088 0.00338 0.00464 0.0048 0 0.00168 0.0064 0.00295 0 0 0.00513 0.00711
**MAXLIK_RESIDUALS	 -0.00705 -0.00038 0.00613 0 -0.00293 -0.00631 0 -0.00585 -0.00481 0.00818 0.01888 0.00072 -0.00812 -0.00519 0.00196 -0.0117 0.00627 0 0 -0.00601 0.00123 0.00274 0.01 -0.00131 0 -0.00102 0.00335 -0.00281 0.00111 0 0.00285 -0.00151 -0.00199 -0.00854 -0.03557 0.00232 0.00878 -0.00332 0.0458 0.02246 -0.01016 0.01855 0.02565 -0.01134 0.01096 -0.00449 -0.0113 -0.00865 0 0 -0.00045 -0.00065 0 0 -0.001 0.00861 0.00195 0 0.00037 0.00348 -0.0022 0 0.0088 0.00018 -0.00185 -0.00335 0 0.0077 0.00631 -0.00056 0.00427 0.00326 -0.0019 -0.00282 -0.00144 -0.00566 -0.00451 -0.00303 0.00812 4e-05 0 0 0 -0.00057 0.00305 0.00055 -0.00072 0.00696 0 0.00224 -0.00248 0.00097 0 0 0.00271 0.00858
**Goodness_of_fit	 0.53
**Cosine_Similarity	 0.901

