#####SIGNATURE DECOMPOSITION REPORT
###./uploads/ROP-75-ExC85-xgenV2_S50.recode.YJqifIJ7TW_whole_sig.txt	./uploads/ROP-75-ExC85-xgenV2_S50.recode.YJqifIJ7TW_whole_sig.txt
**NUM_MUTATIONS 208
**MUT_SUBCLASSES AC>AA AC>AC AC>AG AC>AT CC>AA CC>AC CC>AG CC>AT GC>AA GC>AC GC>AG GC>AT TC>AA TC>AC TC>AG TC>AT AC>GA AC>GC AC>GG AC>GT CC>GA CC>GC CC>GG CC>GT GC>GA GC>GC GC>GG GC>GT TC>GA TC>GC TC>GG TC>GT AC>TA AC>TC AC>TG AC>TT CC>TA CC>TC CC>TG CC>TT GC>TA GC>TC GC>TG GC>TT TC>TA TC>TC TC>TG TC>TT AT>AA AT>AC AT>AG AT>AT CT>AA CT>AC CT>AG CT>AT GT>AA GT>AC GT>AG GT>AT TT>AA TT>AC TT>AG TT>AT AT>CA AT>CC AT>CG AT>CT CT>CA CT>CC CT>CG CT>CT GT>CA GT>CC GT>CG GT>CT TT>CA TT>CC TT>CG TT>CT AT>GA AT>GC AT>GG AT>GT CT>GA CT>GC CT>GG CT>GT GT>GA GT>GC GT>GG GT>GT TT>GA TT>GC TT>GG TT>GT
**THIS_SPECTRUM 0.00962 0.01442 0 0 0.00962 0 0.00481 0.01442 0.00481 0.00962 0.00481 0.00481 0.00481 0 0.00481 0.00481 0 0 0.00481 0.00962 0 0.00962 0.00481 0 0 0 0 0.00962 0 0 0 0.00962 0.01442 0.01442 0.08654 0.00962 0.02885 0.01923 0.05769 0.02885 0.01442 0.01923 0.11538 0.01442 0.00962 0.00962 0.10096 0.00962 0.00481 0 0 0 0 0 0 0.00481 0 0 0 0.00481 0 0.00481 0 0.00481 0.01442 0.00481 0.00481 0.00962 0.00962 0.01442 0.04327 0.02404 0.00962 0.00481 0.00962 0 0 0.01442 0.00481 0 0 0 0 0.00481 0 0 0.00962 0.06731 0 0 0 0.01923 0.00481 0 0 0.00962
**THIS_SIGs_NUMBER 2
**THIS_SIGs 1 17
**THIS_SIG_CONTRIBUTIONS 0.73186 0.26814
**MAXLIK_SPECTRUM 0.00861 0.00679 0 0 0.0051 0 0.00073 0.00527 0.00778 0.00456 8e-04 0.0041 0.00945 0 0.00225 0.01251 0 0 0.00044 0.00253 0 7e-04 0.00037 0 0 0 0 0.00114 0 0 0 0.00307 0.02411 0.01161 0.1281 0.01078 0.021 0.01457 0.07348 0.01511 0.01881 0.01997 0.07781 0.01319 0.01492 0.01744 0.05999 0.01539 0.00311 0 0 0 0 0 0 0.00997 0 0 0 0.00258 0 0.00215 0 0.00395 0.01091 0.00676 0.00861 0.00762 0.00505 0.01448 0.0128 0.03223 0.00823 0.00771 0.00489 0 0 0.00652 0.00768 0 0 0 0 0.0106 0 0 0.00478 0.07213 0 0 0 0.01761 0.00106 0 0 0.01851
**MAXLIK_RESIDUALS	 0.001 0.00764 0 0 0.00451 0 0.00407 0.00916 -0.00297 0.00505 0.00401 0.00071 -0.00465 0 0.00256 -0.0077 0 0 0.00437 0.00709 0 0.00891 0.00444 0 0 0 0 0.00848 0 0 0 0.00654 -0.00968 0.00281 -0.04156 -0.00116 0.00785 0.00466 -0.01579 0.01373 -0.00439 -0.00073 0.03757 0.00123 -0.00531 -0.00782 0.04098 -0.00577 0.0017 0 0 0 0 0 0 -0.00517 0 0 0 0.00223 0 0.00265 0 0.00085 0.00352 -0.00195 -0.0038 0.002 0.00457 -5e-05 0.03047 -0.00819 0.00138 -0.0029 0.00472 0 0 0.0079 -0.00288 0 0 0 0 -0.0058 0 0 0.00484 -0.00482 0 0 0 0.00162 0.00375 0 0 -0.0089
**Goodness_of_fit	 0.588
**Cosine_Similarity	 0.918

