#####SIGNATURE DECOMPOSITION REPORT
###./uploads/ROP-59-ExC85-xgenV2_S41.recode.YJqifIJ7TW_whole_sig.txt	./uploads/ROP-59-ExC85-xgenV2_S41.recode.YJqifIJ7TW_whole_sig.txt
**NUM_MUTATIONS 186
**MUT_SUBCLASSES AC>AA AC>AC AC>AG AC>AT CC>AA CC>AC CC>AG CC>AT GC>AA GC>AC GC>AG GC>AT TC>AA TC>AC TC>AG TC>AT AC>GA AC>GC AC>GG AC>GT CC>GA CC>GC CC>GG CC>GT GC>GA GC>GC GC>GG GC>GT TC>GA TC>GC TC>GG TC>GT AC>TA AC>TC AC>TG AC>TT CC>TA CC>TC CC>TG CC>TT GC>TA GC>TC GC>TG GC>TT TC>TA TC>TC TC>TG TC>TT AT>AA AT>AC AT>AG AT>AT CT>AA CT>AC CT>AG CT>AT GT>AA GT>AC GT>AG GT>AT TT>AA TT>AC TT>AG TT>AT AT>CA AT>CC AT>CG AT>CT CT>CA CT>CC CT>CG CT>CT GT>CA GT>CC GT>CG GT>CT TT>CA TT>CC TT>CG TT>CT AT>GA AT>GC AT>GG AT>GT CT>GA CT>GC CT>GG CT>GT GT>GA GT>GC GT>GG GT>GT TT>GA TT>GC TT>GG TT>GT
**THIS_SPECTRUM 0 0.01075 0 0 0.01075 0.00538 0 0.01075 0 0.01613 0.01613 0 0.00538 0.01075 0.00538 0 0 0.00538 0 0 0.01075 0.00538 0.00538 0.01075 0 0 0 0.01075 0.00538 0 0 0.02688 0.02151 0.02151 0.08602 0.02688 0.02688 0.03226 0.10215 0.03763 0.00538 0.02688 0.05914 0.02151 0.02151 0.01075 0.03763 0.01613 0.00538 0.00538 0.01075 0.01613 0 0.01075 0.00538 0.00538 0 0.01075 0 0 0 0 0 0.00538 0.01613 0 0.01075 0.01613 0.00538 0 0.02151 0.03763 0.00538 0.00538 0.00538 0.00538 0.02151 0.01613 0 0.00538 0 0 0.00538 0 0 0 0 0.01075 0 0 0 0 0 0.01075 0 0
**THIS_SIGs_NUMBER 2
**THIS_SIGs 1 5
**THIS_SIG_CONTRIBUTIONS 0.54306 0.45694
**MAXLIK_SPECTRUM 0 0.00906 0 0 0.008 0.00625 0 0.00894 0 0.00735 0.00162 0 0.0134 0.01156 0.00302 0 0 0.00473 0 0 0.00414 0.00387 0.00147 0.00505 0 0 0 0.00324 0.00224 0 0 0.00475 0.02601 0.01361 0.10087 0.01438 0.02175 0.01805 0.05778 0.01863 0.0227 0.02299 0.06227 0.01852 0.0129 0.01904 0.04472 0.01286 0.00625 0.00467 0.00678 0.00966 0 0.00387 0.00561 0.00565 0 0.00214 0 0 0 0 0 0.00684 0.02372 0 0.0185 0.0175 0.00877 0 0.01237 0.01235 0.01355 0.00818 0.00915 0.01295 0.01218 0.00912 0 0.01134 0 0 0.00326 0 0 0 0 0.00675 0 0 0 0 0 0.00305 0 0
**MAXLIK_RESIDUALS	 0 0.00169 0 0 0.00275 -0.00087 0 0.00182 0 0.00878 0.01451 0 -0.00803 -0.00081 0.00236 0 0 0.00064 0 0 0.00661 0.00151 0.00391 0.0057 0 0 0 0.00751 0.00313 0 0 0.02213 -0.0045 0.0079 -0.01485 0.0125 0.00513 0.01421 0.04437 0.01901 -0.01733 0.0039 -0.00313 0.00299 0.00861 -0.00828 -0.00708 0.00327 -0.00088 0.00071 0.00397 0.00647 0 0.00688 -0.00023 -0.00028 0 0.00862 0 0 0 0 0 -0.00147 -0.00759 0 -0.00775 -0.00137 -0.0034 0 0.00913 0.02528 -0.00818 -0.0028 -0.00377 -0.00758 0.00933 0.007 0 -0.00596 0 0 0.00212 0 0 0 0 0.00401 0 0 0 0 0 0.00771 0 0
**Goodness_of_fit	 0.588
**Cosine_Similarity	 0.915

