#####SIGNATURE DECOMPOSITION REPORT
###./uploads/ROP-109-ExC85-xgenV2_S73.recode.YJqifIJ7TW_whole_sig.txt	./uploads/ROP-109-ExC85-xgenV2_S73.recode.YJqifIJ7TW_whole_sig.txt
**NUM_MUTATIONS 194
**MUT_SUBCLASSES AC>AA AC>AC AC>AG AC>AT CC>AA CC>AC CC>AG CC>AT GC>AA GC>AC GC>AG GC>AT TC>AA TC>AC TC>AG TC>AT AC>GA AC>GC AC>GG AC>GT CC>GA CC>GC CC>GG CC>GT GC>GA GC>GC GC>GG GC>GT TC>GA TC>GC TC>GG TC>GT AC>TA AC>TC AC>TG AC>TT CC>TA CC>TC CC>TG CC>TT GC>TA GC>TC GC>TG GC>TT TC>TA TC>TC TC>TG TC>TT AT>AA AT>AC AT>AG AT>AT CT>AA CT>AC CT>AG CT>AT GT>AA GT>AC GT>AG GT>AT TT>AA TT>AC TT>AG TT>AT AT>CA AT>CC AT>CG AT>CT CT>CA CT>CC CT>CG CT>CT GT>CA GT>CC GT>CG GT>CT TT>CA TT>CC TT>CG TT>CT AT>GA AT>GC AT>GG AT>GT CT>GA CT>GC CT>GG CT>GT GT>GA GT>GC GT>GG GT>GT TT>GA TT>GC TT>GG TT>GT
**THIS_SPECTRUM 0.00515 0.01031 0 0.00515 0 0.01031 0.00515 0.00515 0.00515 0.01031 0.01031 0.00515 0 0.00515 0.00515 0.00515 0 0.01031 0 0 0 0 0.01031 0.01031 0.01031 0 0.00515 0.00515 0.02062 0 0 0.01546 0.02062 0.01546 0.06701 0.02062 0.04124 0.00515 0.13918 0.01031 0.02062 0.03093 0.12887 0.01546 0.01546 0.01546 0.06186 0.02062 0.01031 0.00515 0.01031 0.00515 0.00515 0.00515 0.00515 0 0 0 0.00515 0 0.00515 0 0 0 0.01031 0.00515 0.02062 0.01031 0.00515 0.01031 0.01031 0 0 0.00515 0.00515 0.01031 0.00515 0.00515 0.00515 0.01031 0 0.00515 0 0 0 0 0 0.00515 0 0 0 0 0 0 0 0.01031
**THIS_SIGs_NUMBER 5
**THIS_SIGs 1 6 7 13 22
**THIS_SIG_CONTRIBUTIONS 0.40927 0.45579 0.03956 0.05212 0.04327
**MAXLIK_SPECTRUM 0.00542 0.00518 0 0.00352 0 0.01424 0.00456 0.02928 0.00454 0.00512 0.00123 0.00585 0 0.00699 0.00158 0.01007 0 0.00165 0 0 0 0 0.00026 0.00108 0.00032 0 1e-05 0.0013 0.01539 0 0 0.01858 0.02651 0.01414 0.11181 0.01213 0.01593 0.01643 0.08125 0.0143 0.04021 0.04745 0.10374 0.0319 0.02008 0.02258 0.05323 0.01263 0.00417 0.00307 0.00413 0.00666 0.0043 0.00435 0.01024 0 0 0 0.00297 0 0.00421 0 0 0 0.00989 0.00518 0.01429 0.00501 0.00475 0.00407 0.01534 0 0 0.00559 0.00739 0.0067 0.00633 0.0037 0.00839 0.00399 0 0.00151 0 0 0 0 0 0.00519 0 0 0 0 0 0 0 0.00502
**MAXLIK_RESIDUALS	 -0.00026 0.00513 0 0.00164 0 -0.00393 0.00059 -0.02412 0.00062 0.00519 0.00908 -0.00069 0 -0.00184 0.00357 -0.00491 0 0.00866 0 0 0 0 0.01005 0.00923 0.00999 0 0.00514 0.00385 0.00523 0 0 -0.00312 -0.00589 0.00133 -0.0448 0.00849 0.0253 -0.01127 0.05792 -0.00399 -0.01959 -0.01652 0.02513 -0.01643 -0.00462 -0.00712 0.00862 0.00799 0.00614 0.00209 0.00618 -0.0015 0.00085 8e-04 -0.00509 0 0 0 0.00218 0 0.00095 0 0 0 0.00042 -3e-05 0.00632 0.0053 4e-04 0.00624 -0.00503 0 0 -0.00043 -0.00223 0.00361 -0.00118 0.00145 -0.00324 0.00632 0 0.00364 0 0 0 0 0 -4e-05 0 0 0 0 0 0 0 0.00529
**Goodness_of_fit	 0.541
**Cosine_Similarity	 0.906

