#####SIGNATURE DECOMPOSITION REPORT
###./uploads/ROP-85-ExC85-xgenV2_S55.recode.YJqifIJ7TW_whole_sig.txt	./uploads/ROP-85-ExC85-xgenV2_S55.recode.YJqifIJ7TW_whole_sig.txt
**NUM_MUTATIONS 209
**MUT_SUBCLASSES AC>AA AC>AC AC>AG AC>AT CC>AA CC>AC CC>AG CC>AT GC>AA GC>AC GC>AG GC>AT TC>AA TC>AC TC>AG TC>AT AC>GA AC>GC AC>GG AC>GT CC>GA CC>GC CC>GG CC>GT GC>GA GC>GC GC>GG GC>GT TC>GA TC>GC TC>GG TC>GT AC>TA AC>TC AC>TG AC>TT CC>TA CC>TC CC>TG CC>TT GC>TA GC>TC GC>TG GC>TT TC>TA TC>TC TC>TG TC>TT AT>AA AT>AC AT>AG AT>AT CT>AA CT>AC CT>AG CT>AT GT>AA GT>AC GT>AG GT>AT TT>AA TT>AC TT>AG TT>AT AT>CA AT>CC AT>CG AT>CT CT>CA CT>CC CT>CG CT>CT GT>CA GT>CC GT>CG GT>CT TT>CA TT>CC TT>CG TT>CT AT>GA AT>GC AT>GG AT>GT CT>GA CT>GC CT>GG CT>GT GT>GA GT>GC GT>GG GT>GT TT>GA TT>GC TT>GG TT>GT
**THIS_SPECTRUM 0.00478 0.00957 0 0.00478 0.01914 0.01435 0.00478 0.01435 0.00478 0.00957 0.00478 0.01435 0.00478 0.01435 0.00478 0.01435 0 0 0.00957 0.00478 0.00478 0.00478 0.00957 0.00478 0 0 0 0.00957 0.00957 0.01435 0 0.00957 0.00478 0 0.07177 0.01914 0.02392 0.01435 0.05742 0.01914 0.01914 0.02392 0.14833 0.02871 0.00957 0.00478 0.06699 0.02392 0 0.00478 0 0 0.00478 0.00957 0.00478 0.00478 0 0.00478 0.00478 0 0.00957 0 0.00478 0.00478 0.00478 0.00957 0.02871 0.00478 0 0.00957 0.01435 0.01435 0 0.00957 0.01435 0.00957 0 0.00478 0 0.00478 0 0.00478 0 0 0 0.01914 0 0.00478 0 0.00478 0.00478 0.00478 0 0 0.00478 0.00478
**THIS_SIGs_NUMBER 3
**THIS_SIGs 1 3 15
**THIS_SIG_CONTRIBUTIONS 0.50569 0.17808 0.31623
**MAXLIK_SPECTRUM 0.00997 0.00907 0 0.00785 0.01003 0.00918 0.00128 0.01347 0.00665 0.00797 0.00089 0.0142 0.01007 0.01056 0.00218 0.01521 0 0 0.00143 0.00596 0.00393 0.00286 0.00113 0.00552 0 0 0 0.00421 0.00409 0.00546 0 0.00789 0.02181 0 0.09721 0.01111 0.01474 0.01366 0.05386 0.01455 0.03054 0.05773 0.11043 0.03613 0.01245 0.01628 0.04203 0.0112 0 0.00536 0 0 0.00245 0.00459 0.00366 0.00425 0 0.00248 0.00287 0 0.00436 0 0.00191 0.00473 0.013 0.00712 0.00952 0.0097 0 0.00681 0.00909 0.00663 0 0.02043 0.00847 0.0097 0 0.00754 0 0.00657 0 0.00135 0 0 0 0.0027 0 0.00437 0 0.0016 0.00469 0.00767 0 0 0.00328 0.0054
**MAXLIK_RESIDUALS	 -0.00519 5e-04 0 -0.00307 0.00911 0.00518 0.00351 0.00089 -0.00186 0.0016 0.0039 0.00015 -0.00529 0.00379 0.0026 -0.00086 0 0 0.00814 -0.00118 0.00085 0.00193 0.00844 -0.00073 0 0 0 0.00536 0.00548 0.0089 0 0.00168 -0.01702 0 -0.02544 0.00803 0.00918 0.00069 0.00356 0.00459 -0.0114 -0.03381 0.0379 -0.00743 -0.00288 -0.0115 0.02496 0.01273 0 -0.00057 0 0 0.00233 0.00498 0.00113 0.00053 0 0.0023 0.00192 0 0.00521 0 0.00287 6e-05 -0.00821 0.00245 0.01919 -0.00491 0 0.00276 0.00526 0.00773 0 -0.01087 0.00588 -0.00013 0 -0.00275 0 -0.00178 0 0.00343 0 0 0 0.01644 0 0.00041 0 0.00318 9e-05 -0.00289 0 0 0.0015 -0.00061
**Goodness_of_fit	 0.576
**Cosine_Similarity	 0.925

