#####SIGNATURE DECOMPOSITION REPORT
###./uploads/ROP-119-ExC85-xgenV2_S82.recode.YJqifIJ7TW_whole_sig.txt	./uploads/ROP-119-ExC85-xgenV2_S82.recode.YJqifIJ7TW_whole_sig.txt
**NUM_MUTATIONS 228
**MUT_SUBCLASSES AC>AA AC>AC AC>AG AC>AT CC>AA CC>AC CC>AG CC>AT GC>AA GC>AC GC>AG GC>AT TC>AA TC>AC TC>AG TC>AT AC>GA AC>GC AC>GG AC>GT CC>GA CC>GC CC>GG CC>GT GC>GA GC>GC GC>GG GC>GT TC>GA TC>GC TC>GG TC>GT AC>TA AC>TC AC>TG AC>TT CC>TA CC>TC CC>TG CC>TT GC>TA GC>TC GC>TG GC>TT TC>TA TC>TC TC>TG TC>TT AT>AA AT>AC AT>AG AT>AT CT>AA CT>AC CT>AG CT>AT GT>AA GT>AC GT>AG GT>AT TT>AA TT>AC TT>AG TT>AT AT>CA AT>CC AT>CG AT>CT CT>CA CT>CC CT>CG CT>CT GT>CA GT>CC GT>CG GT>CT TT>CA TT>CC TT>CG TT>CT AT>GA AT>GC AT>GG AT>GT CT>GA CT>GC CT>GG CT>GT GT>GA GT>GC GT>GG GT>GT TT>GA TT>GC TT>GG TT>GT
**THIS_SPECTRUM 0.01754 0.01316 0.01316 0.00439 0.01754 0.01754 0.01316 0.00877 0.00439 0.01754 0.00439 0.01316 0.00877 0.01316 0.00439 0.01316 0 0.01316 0 0.00439 0.00877 0.00439 0.00877 0.00439 0 0.00877 0 0 0.00877 0.00439 0 0.00439 0.02193 0.01316 0.06579 0.01316 0.02632 0.01754 0.08772 0.03947 0.02193 0.01754 0.07018 0.01316 0.01754 0.0307 0.0614 0.00877 0.00439 0 0.00439 0 0.00877 0.00439 0.00439 0 0 0 0.01316 0 0.00439 0.00877 0 0 0 0.00439 0 0.01316 0.00439 0.01754 0.01754 0.00877 0.00439 0.00439 0.02632 0 0.00439 0.00439 0.00877 0.00439 0 0.00439 0.01754 0.00439 0 0 0 0 0 0 0 0 0 0.00439 0.00439 0.00877
**THIS_SIGs_NUMBER 5
**THIS_SIGs 1 3 4 6 7
**THIS_SIG_CONTRIBUTIONS 0.41463 0.2198 0.11774 0.16351 0.08433
**MAXLIK_SPECTRUM 0.01408 0.01186 0.00332 0.00937 0.01404 0.01773 0.00333 0.02075 0.01039 0.01043 0.00348 0.009 0.01189 0.01526 0.00266 0.01533 0 0.00457 0 0.00728 0.00548 0.00444 0.00192 0.00702 0 0.00475 0 0 0.0047 0.00664 0 0.00915 0.02268 0.0131 0.08714 0.01198 0.02205 0.02136 0.05778 0.02106 0.02559 0.02842 0.06539 0.02056 0.01972 0.03657 0.04678 0.01676 0.00427 0 0.00404 0 0.00305 0.00544 0.00736 0 0 0 0.00399 0 0.00454 0.00363 0 0 0 0.00578 0 0.00846 0.00518 0.00638 0.01044 0.00696 0.0089 0.00544 0.0058 0 0.00684 0.00533 0.00711 0.0059 0 0.00136 0.00293 0.00335 0 0 0 0 0 0 0 0 0 0.00232 0.00389 0.00595
**MAXLIK_RESIDUALS	 0.00346 0.0013 0.00983 -0.00498 0.0035 -0.00018 0.00983 -0.01198 -0.006 0.00712 0.00091 0.00416 -0.00312 -0.0021 0.00172 -0.00217 0 0.00858 0 -0.0029 0.00329 -6e-05 0.00685 -0.00264 0 0.00402 0 0 0.00408 -0.00225 0 -0.00477 -0.00075 5e-05 -0.02135 0.00118 0.00427 -0.00381 0.02994 0.01841 -0.00366 -0.01087 0.00478 -0.0074 -0.00217 -0.00587 0.01463 -0.00799 0.00012 0 0.00035 0 0.00572 -0.00105 -0.00298 0 0 0 0.00917 0 -0.00015 0.00514 0 0 0 -0.00139 0 0.0047 -0.00079 0.01117 0.00711 0.00181 -0.00451 -0.00105 0.02051 0 -0.00245 -0.00095 0.00166 -0.00151 0 0.00302 0.01461 0.00103 0 0 0 0 0 0 0 0 0 0.00207 0.00049 0.00282
**Goodness_of_fit	 0.643
**Cosine_Similarity	 0.936

