#####SIGNATURE DECOMPOSITION REPORT
###./uploads/ROP-129-ExC85-xgenV2_S91.recode.YJqifIJ7TW_whole_sig.txt	./uploads/ROP-129-ExC85-xgenV2_S91.recode.YJqifIJ7TW_whole_sig.txt
**NUM_MUTATIONS 188
**MUT_SUBCLASSES AC>AA AC>AC AC>AG AC>AT CC>AA CC>AC CC>AG CC>AT GC>AA GC>AC GC>AG GC>AT TC>AA TC>AC TC>AG TC>AT AC>GA AC>GC AC>GG AC>GT CC>GA CC>GC CC>GG CC>GT GC>GA GC>GC GC>GG GC>GT TC>GA TC>GC TC>GG TC>GT AC>TA AC>TC AC>TG AC>TT CC>TA CC>TC CC>TG CC>TT GC>TA GC>TC GC>TG GC>TT TC>TA TC>TC TC>TG TC>TT AT>AA AT>AC AT>AG AT>AT CT>AA CT>AC CT>AG CT>AT GT>AA GT>AC GT>AG GT>AT TT>AA TT>AC TT>AG TT>AT AT>CA AT>CC AT>CG AT>CT CT>CA CT>CC CT>CG CT>CT GT>CA GT>CC GT>CG GT>CT TT>CA TT>CC TT>CG TT>CT AT>GA AT>GC AT>GG AT>GT CT>GA CT>GC CT>GG CT>GT GT>GA GT>GC GT>GG GT>GT TT>GA TT>GC TT>GG TT>GT
**THIS_SPECTRUM 0.00532 0.00532 0 0.01064 0.00532 0.02128 0.00532 0.00532 0.01064 0.02128 0.01064 0 0.00532 0.01064 0 0.02128 0.01596 0.01064 0.00532 0.01064 0.00532 0 0.01064 0 0.01064 0 0 0.00532 0.01064 0.00532 0.00532 0.00532 0.02128 0.01596 0.05851 0.01064 0.01596 0 0.09043 0.03191 0.0266 0.04255 0.1383 0.01596 0.0266 0.01064 0.04787 0.00532 0 0.00532 0 0.00532 0 0 0 0.00532 0 0 0 0.00532 0 0.01596 0 0 0.01064 0 0.01596 0.01064 0 0.01064 0.02128 0.01064 0.00532 0.00532 0 0.01064 0.00532 0.00532 0 0.01596 0 0.00532 0.00532 0 0.00532 0.01064 0.00532 0 0 0 0 0 0 0 0 0.00532
**THIS_SIGs_NUMBER 3
**THIS_SIGs 1 3 15
**THIS_SIG_CONTRIBUTIONS 0.48502 0.1993 0.31568
**MAXLIK_SPECTRUM 0.01021 0.00926 0 0.00806 0.01029 0.00935 0.0013 0.01362 0.00668 0.00808 0.00089 0 0.01006 0.01068 0 0.01523 0.006 0.00371 0.00153 0.00639 0.00426 0 0.0012 0 0.00336 0 0 0.00457 0.00439 0.00584 0.00065 0.00851 0.02157 0.01405 0.09372 0.01116 0.01461 0 0.05195 0.01453 0.03034 0.05727 0.10821 0.03595 0.01233 0.0162 0.04049 0.01113 0 0.00546 0 0.00829 0 0 0 0.00456 0 0 0 0.00411 0 0.00338 0 0 0.01298 0 0.00956 0.00986 0 0.007 0.00912 0.00674 0.01298 0.0204 0 0.00964 0.00788 0.00766 0 0.00667 0 0.00135 0.00286 0 0.00054 0.00278 0.00308 0 0 0 0 0 0 0 0 0.00559
**MAXLIK_RESIDUALS	 -0.00489 -0.00394 0 0.00257 -0.00497 0.01192 0.00402 -0.0083 0.00396 0.0132 0.00974 0 -0.00474 -4e-05 0 0.00604 0.00995 0.00693 0.00379 0.00425 0.00106 0 0.00943 0 0.00728 0 0 0.00075 0.00625 -0.00052 0.00467 -0.00319 -0.00029 0.0019 -0.03521 -0.00052 0.00134 0 0.03847 0.01738 -0.00374 -0.01472 0.03008 -0.01999 0.01426 -0.00556 0.00739 -0.00581 0 -0.00014 0 -0.00297 0 0 0 0.00076 0 0 0 0.00121 0 0.01257 0 0 -0.00234 0 0.0064 0.00078 0 0.00364 0.01216 0.0039 -0.00766 -0.01508 0 0.001 -0.00256 -0.00235 0 0.00929 0 0.00397 0.00246 0 0.00478 0.00786 0.00224 0 0 0 0 0 0 0 0 -0.00027
**Goodness_of_fit	 0.561
**Cosine_Similarity	 0.92

