#####SIGNATURE DECOMPOSITION REPORT
###./uploads/ROP-32-ExC85-xgenV2_S23.recode.YJqifIJ7TW_whole_sig.txt	./uploads/ROP-32-ExC85-xgenV2_S23.recode.YJqifIJ7TW_whole_sig.txt
**NUM_MUTATIONS 222
**MUT_SUBCLASSES AC>AA AC>AC AC>AG AC>AT CC>AA CC>AC CC>AG CC>AT GC>AA GC>AC GC>AG GC>AT TC>AA TC>AC TC>AG TC>AT AC>GA AC>GC AC>GG AC>GT CC>GA CC>GC CC>GG CC>GT GC>GA GC>GC GC>GG GC>GT TC>GA TC>GC TC>GG TC>GT AC>TA AC>TC AC>TG AC>TT CC>TA CC>TC CC>TG CC>TT GC>TA GC>TC GC>TG GC>TT TC>TA TC>TC TC>TG TC>TT AT>AA AT>AC AT>AG AT>AT CT>AA CT>AC CT>AG CT>AT GT>AA GT>AC GT>AG GT>AT TT>AA TT>AC TT>AG TT>AT AT>CA AT>CC AT>CG AT>CT CT>CA CT>CC CT>CG CT>CT GT>CA GT>CC GT>CG GT>CT TT>CA TT>CC TT>CG TT>CT AT>GA AT>GC AT>GG AT>GT CT>GA CT>GC CT>GG CT>GT GT>GA GT>GC GT>GG GT>GT TT>GA TT>GC TT>GG TT>GT
**THIS_SPECTRUM 0.0045 0.00901 0 0.00901 0.0045 0.0045 0.00901 0.00901 0.01351 0.01351 0.00901 0.00901 0.01351 0.0045 0.0045 0.0045 0 0.0045 0.0045 0.0045 0 0.00901 0.00901 0.0045 0.0045 0.0045 0 0.01351 0.01351 0.00901 0 0.01802 0.01351 0.02252 0.05856 0.01351 0.01351 0.01351 0.08108 0.02703 0.01802 0.04505 0.07658 0.0045 0.0045 0.03153 0.05856 0.01351 0.0045 0 0.0045 0.0045 0 0.00901 0.00901 0.00901 0 0.01351 0.0045 0 0 0.0045 0 0 0.00901 0.01802 0.01351 0.0045 0.00901 0.01351 0.02252 0.00901 0.0045 0.00901 0.01802 0.00901 0 0.00901 0.01351 0.01351 0 0 0.0045 0 0 0.01351 0.0045 0.00901 0 0 0 0.00901 0 0 0 0.0045
**THIS_SIGs_NUMBER 4
**THIS_SIGs 1 3 6 7
**THIS_SIG_CONTRIBUTIONS 0.29901 0.33886 0.2895 0.07262
**MAXLIK_SPECTRUM 0.01135 0.00964 0 0.00795 0.01135 0.01456 0.00357 0.02376 0.00646 0.00708 0.00111 0.008 0.00818 0.00995 0.00147 0.01187 0 0.00524 0.00196 0.0093 0 0.00482 0.00161 0.00864 0.00422 0.00494 0 0.00683 0.00601 0.00758 0 0.01209 0.02391 0.01345 0.07883 0.01341 0.01906 0.01861 0.05737 0.01881 0.03183 0.03481 0.07016 0.02522 0.01821 0.03278 0.04183 0.0151 0.0043 0 0.0034 0.00725 0 0.00574 0.00463 0.00668 0 0.00288 0.00331 0 0 0.00402 0 0 0.01079 0.00662 0.01333 0.00927 0.00579 0.00768 0.01284 0.00733 0.00923 0.00593 0.00691 0.00754 0 0.00631 0.00777 0.00654 0 0 0.00375 0 0 0.00382 0.00554 0.00637 0 0 0 0.00371 0 0 0 0.0078
**MAXLIK_RESIDUALS	 -0.00685 -0.00063 0 0.00105 -0.00684 -0.01005 0.00544 -0.01475 0.00705 0.00643 0.0079 0.00101 0.00534 -0.00545 0.00303 -0.00736 0 -0.00074 0.00254 -0.0048 0 0.00418 0.0074 -0.00414 0.00029 -0.00044 0 0.00668 0.0075 0.00143 0 0.00592 -0.0104 0.00908 -0.02027 1e-04 -0.00555 -0.00509 0.02372 0.00822 -0.01381 0.01024 0.00642 -0.02072 -0.01371 -0.00125 0.01673 -0.00158 2e-04 0 0.00111 -0.00275 0 0.00327 0.00438 0.00233 0 0.01063 0.00119 0 0 0.00048 0 0 -0.00178 0.0114 0.00018 -0.00476 0.00322 0.00584 0.00968 0.00168 -0.00473 0.00308 0.01111 0.00147 0 0.0027 0.00575 0.00698 0 0 0.00075 0 0 0.0097 -0.00103 0.00264 0 0 0 0.0053 0 0 0 -0.00329
**Goodness_of_fit	 0.574
**Cosine_Similarity	 0.926

