#####SIGNATURE DECOMPOSITION REPORT
###./uploads/ROP-73-ExC85-xgenV2_S49.recode.YJqifIJ7TW_whole_sig.txt	./uploads/ROP-73-ExC85-xgenV2_S49.recode.YJqifIJ7TW_whole_sig.txt
**NUM_MUTATIONS 203
**MUT_SUBCLASSES AC>AA AC>AC AC>AG AC>AT CC>AA CC>AC CC>AG CC>AT GC>AA GC>AC GC>AG GC>AT TC>AA TC>AC TC>AG TC>AT AC>GA AC>GC AC>GG AC>GT CC>GA CC>GC CC>GG CC>GT GC>GA GC>GC GC>GG GC>GT TC>GA TC>GC TC>GG TC>GT AC>TA AC>TC AC>TG AC>TT CC>TA CC>TC CC>TG CC>TT GC>TA GC>TC GC>TG GC>TT TC>TA TC>TC TC>TG TC>TT AT>AA AT>AC AT>AG AT>AT CT>AA CT>AC CT>AG CT>AT GT>AA GT>AC GT>AG GT>AT TT>AA TT>AC TT>AG TT>AT AT>CA AT>CC AT>CG AT>CT CT>CA CT>CC CT>CG CT>CT GT>CA GT>CC GT>CG GT>CT TT>CA TT>CC TT>CG TT>CT AT>GA AT>GC AT>GG AT>GT CT>GA CT>GC CT>GG CT>GT GT>GA GT>GC GT>GG GT>GT TT>GA TT>GC TT>GG TT>GT
**THIS_SPECTRUM 0.0197 0.02463 0.00493 0.00493 0.00493 0.00493 0.00493 0 0.00493 0.0197 0.00493 0.00493 0 0.00493 0.00985 0 0 0.00493 0.00493 0.00985 0.00493 0.01478 0.01478 0.01478 0.00985 0 0 0 0.01478 0.00985 0 0 0.0197 0 0.08867 0.00493 0.02956 0.0197 0.07882 0.02956 0.01478 0.03941 0.07389 0.02463 0.02463 0.00985 0.03448 0.01478 0 0.00985 0.00493 0 0 0.00493 0.00493 0.00493 0 0.00493 0 0 0.00493 0.00985 0 0 0.02463 0.00493 0.00985 0.0197 0.00493 0.00985 0.01478 0.00985 0.00493 0.0197 0.00493 0.01478 0 0 0.00493 0.01478 0 0 0.00493 0 0 0.00493 0.00985 0.00493 0 0.00493 0.01478 0.00493 0.00493 0 0 0.00493
**THIS_SIGs_NUMBER 3
**THIS_SIGs 1 3 15
**THIS_SIG_CONTRIBUTIONS 0.53044 0.36203 0.10753
**MAXLIK_SPECTRUM 0.01405 0.01175 0.00156 0.00981 0.01144 0.0105 0.00135 0 0.00814 0.00804 8e-04 0.01011 0 0.0126 0.00197 0 0 0.00578 0.00229 0.01011 0.00687 0.0053 0.00182 0.00962 0.00487 0 0 0 0.0069 0.00867 0 0 0.02338 0 0.09566 0.01276 0.01684 0.01385 0.05364 0.01593 0.02419 0.03184 0.07504 0.02183 0.01211 0.01595 0.04205 0.01185 0 0.00489 0.00425 0 0 0.00608 0.00525 0.00719 0 0.00273 0 0 0.00564 0.00456 0 0 0.01334 0.00744 0.0104 0.01173 0.00542 0.00855 0.00815 0.00826 0.01054 0.01135 0.0065 0.00939 0 0 0.00705 0.00773 0 0 0.00414 0 0 0.00343 0.00471 0.00511 0 0.00197 0.00696 0.00503 0.00271 0 0 0.0072
**MAXLIK_RESIDUALS	 0.00565 0.01288 0.00336 -0.00488 -0.00651 -0.00558 0.00358 0 -0.00321 0.01166 0.00412 -0.00518 0 -0.00767 0.00789 0 0 -0.00086 0.00264 -0.00025 -0.00195 0.00947 0.01295 0.00516 0.00498 0 0 0 0.00788 0.00118 0 0 -0.00368 0 -0.00699 -0.00784 0.01271 0.00585 0.02518 0.01363 -0.00941 0.00757 -0.00115 0.0028 0.01252 -0.0061 -0.00757 0.00293 0 0.00496 0.00067 0 0 -0.00115 -0.00032 -0.00226 0 0.00219 0 0 -0.00071 0.00529 0 0 0.01129 -0.00251 -0.00055 0.00797 -0.00049 0.0013 0.00663 0.00159 -0.00562 0.00836 -0.00158 0.00539 0 0 -0.00212 0.00705 0 0 0.00078 0 0 0.0015 0.00514 -0.00018 0 0.00295 0.00782 -1e-04 0.00222 0 0 -0.00227
**Goodness_of_fit	 0.642
**Cosine_Similarity	 0.952

