#####SIGNATURE DECOMPOSITION REPORT
###./uploads/ROP-70-ExC85-xgenV2_S47.recode.YJqifIJ7TW_whole_sig.txt	./uploads/ROP-70-ExC85-xgenV2_S47.recode.YJqifIJ7TW_whole_sig.txt
**NUM_MUTATIONS 215
**MUT_SUBCLASSES AC>AA AC>AC AC>AG AC>AT CC>AA CC>AC CC>AG CC>AT GC>AA GC>AC GC>AG GC>AT TC>AA TC>AC TC>AG TC>AT AC>GA AC>GC AC>GG AC>GT CC>GA CC>GC CC>GG CC>GT GC>GA GC>GC GC>GG GC>GT TC>GA TC>GC TC>GG TC>GT AC>TA AC>TC AC>TG AC>TT CC>TA CC>TC CC>TG CC>TT GC>TA GC>TC GC>TG GC>TT TC>TA TC>TC TC>TG TC>TT AT>AA AT>AC AT>AG AT>AT CT>AA CT>AC CT>AG CT>AT GT>AA GT>AC GT>AG GT>AT TT>AA TT>AC TT>AG TT>AT AT>CA AT>CC AT>CG AT>CT CT>CA CT>CC CT>CG CT>CT GT>CA GT>CC GT>CG GT>CT TT>CA TT>CC TT>CG TT>CT AT>GA AT>GC AT>GG AT>GT CT>GA CT>GC CT>GG CT>GT GT>GA GT>GC GT>GG GT>GT TT>GA TT>GC TT>GG TT>GT
**THIS_SPECTRUM 0.00465 0 0.00465 0.01395 0 0.00465 0.01395 0 0.0093 0.00465 0.00465 0.0186 0.00465 0.00465 0.00465 0.0093 0.0093 0.0093 0.00465 0.0093 0.00465 0 0.0186 0.00465 0 0.01395 0.00465 0.00465 0.00465 0 0 0.01395 0.0186 0.0093 0.04651 0.00465 0.02791 0.01395 0.12093 0.0186 0.0093 0.01395 0.10233 0.03721 0.02326 0.02326 0.05581 0.0186 0 0.00465 0.0093 0.00465 0.00465 0.01395 0.00465 0 0 0 0 0 0 0.00465 0.00465 0 0.0093 0.01395 0.01395 0.01395 0.00465 0 0.02326 0.01395 0.00465 0 0.0093 0.01395 0.00465 0 0.00465 0.01395 0.00465 0 0 0 0 0 0.00465 0 0 0.00465 0.01395 0.00465 0 0.01395 0.00465 0.00465
**THIS_SIGs_NUMBER 4
**THIS_SIGs 1 3 6 7
**THIS_SIG_CONTRIBUTIONS 0.24181 0.2407 0.4411 0.07639
**MAXLIK_SPECTRUM 0.0088 0 0.0011 0.00629 0 0.01625 0.0047 0 0.00541 0.00657 0.0013 0.00786 0.00659 0.00813 0.00138 0.01028 0.00679 0.00408 0.00141 0.00712 0.00437 0 0.00117 0.00623 0 0.0043 4e-04 0.00528 0.00433 0 0 0.00872 0.0252 0.0143 0.08243 0.01352 0.01803 0.01859 0.06529 0.01786 0.03872 0.04425 0.08442 0.03118 0.01809 0.03254 0.04361 0.01433 0 0.00386 0.00252 0.00673 0.00215 0.00478 0.00354 0 0 0 0 0 0 0.00314 0.00192 0 0.00985 0.00621 0.0149 0.00742 0.00572 0 0.01571 0.00629 0.00977 0 0.00777 0.00686 0.00692 0 0.00831 0.00557 0.00095 0 0 0 0 0 0.00518 0 0 0.00184 0.0048 0.00351 0 0.00271 0.00372 0.00739
**MAXLIK_RESIDUALS	 -0.00415 0 0.00356 0.00766 0 -0.01159 0.00925 0 0.0039 -0.00192 0.00335 0.01074 -0.00194 -0.00348 0.00327 -0.00098 0.00252 0.00522 0.00324 0.00218 0.00028 0 0.01743 -0.00158 0 0.00966 0.00425 -0.00063 0.00032 0 0 0.00523 -0.0066 -0.005 -0.03591 -0.00886 0.00988 -0.00464 0.05564 0.00074 -0.02942 -0.03029 0.01791 0.00603 0.00517 -0.00928 0.0122 0.00428 0 0.00079 0.00678 -0.00208 0.0025 0.00918 0.00111 0 0 0 0 0 0 0.00151 0.00273 0 -0.00055 0.00775 -0.00094 0.00653 -0.00107 0 0.00755 0.00766 -0.00511 0 0.00154 0.0071 -0.00227 0 -0.00365 0.00838 0.0037 0 0 0 0 0 -0.00053 0 0 0.00281 0.00915 0.00114 0 0.01124 0.00093 -0.00274
**Goodness_of_fit	 0.521
**Cosine_Similarity	 0.884

