#####SIGNATURE DECOMPOSITION REPORT
###./uploads/ROP-57-ExC85-xgenV2_S39.recode.YJqifIJ7TW_whole_sig.txt	./uploads/ROP-57-ExC85-xgenV2_S39.recode.YJqifIJ7TW_whole_sig.txt
**NUM_MUTATIONS 923
**MUT_SUBCLASSES AC>AA AC>AC AC>AG AC>AT CC>AA CC>AC CC>AG CC>AT GC>AA GC>AC GC>AG GC>AT TC>AA TC>AC TC>AG TC>AT AC>GA AC>GC AC>GG AC>GT CC>GA CC>GC CC>GG CC>GT GC>GA GC>GC GC>GG GC>GT TC>GA TC>GC TC>GG TC>GT AC>TA AC>TC AC>TG AC>TT CC>TA CC>TC CC>TG CC>TT GC>TA GC>TC GC>TG GC>TT TC>TA TC>TC TC>TG TC>TT AT>AA AT>AC AT>AG AT>AT CT>AA CT>AC CT>AG CT>AT GT>AA GT>AC GT>AG GT>AT TT>AA TT>AC TT>AG TT>AT AT>CA AT>CC AT>CG AT>CT CT>CA CT>CC CT>CG CT>CT GT>CA GT>CC GT>CG GT>CT TT>CA TT>CC TT>CG TT>CT AT>GA AT>GC AT>GG AT>GT CT>GA CT>GC CT>GG CT>GT GT>GA GT>GC GT>GG GT>GT TT>GA TT>GC TT>GG TT>GT
**THIS_SPECTRUM 0 0 0 0.00325 0.0065 0.01517 0.00433 0.02275 0.00108 0.00217 0.00217 0.00217 0 0 0.00108 0.00108 0 0 0 0 0.00108 0.00217 0.00108 0.00325 0.00108 0.00758 0.00108 0 0 0 0 0 0.01083 0.00433 0.17985 0.00325 0.00217 0.00758 0.16251 0.00867 0.026 0.04117 0.23835 0.0325 0.00108 0.0065 0.06501 0.00433 0 0 0.00108 0.00108 0 0 0 0.00217 0.00108 0.00217 0 0 0.00217 0 0 0.00108 0.00325 0.00433 0.013 0.00433 0.00325 0.00542 0.03359 0.00325 0.00325 0.01083 0.00975 0 0.00108 0 0.00217 0.00217 0 0.00108 0.00108 0 0 0.00542 0.00325 0.00108 0 0 0.00217 0.00108 0 0 0.00108 0
**THIS_SIGs_NUMBER 3
**THIS_SIGs 1 6 7
**THIS_SIG_CONTRIBUTIONS 0.53944 0.46056 0
**MAXLIK_SPECTRUM 0 0 0 0.00424 0.00821 0.01506 0.00467 0.03017 0.00555 0.00578 0.0013 0.00641 0 0 0.00173 0.0109 0 0 0 0 0.00069 0.00038 0.00027 0.00084 0.00032 0.00267 0 0 0 0 0 0 0.03029 0.01523 0.13441 0.01367 0.01519 0.01454 0.09305 0.01324 0.04353 0.05025 0.11754 0.03368 0.01123 0.01262 0.05901 0.00959 0 0 0.00152 0.00695 0 0 0 0.00168 0.00037 0.00159 0 0 0.00311 0 0 0.00247 0.01096 0.00596 0.01546 0.00605 0.00511 0.00468 0.01622 0.00514 0.01169 0.00649 0.00798 0 0.00707 0 0.00937 0.00471 0 0.00175 0.00107 0 0 0.00297 0.00317 0.00545 0 0 0.0011 0.00204 0 0 0.0016 0
**MAXLIK_RESIDUALS	 0 0 0 -0.00099 -0.00171 0.00011 -0.00034 -0.00742 -0.00446 -0.00361 0.00087 -0.00425 0 0 -0.00065 -0.00982 0 0 0 0 0.00039 0.00179 0.00081 0.00241 0.00076 0.00491 0.00108 0 0 0 0 0 -0.01946 -0.0109 0.04544 -0.01042 -0.01302 -0.00696 0.06946 -0.00457 -0.01753 -0.00908 0.12081 -0.00117 -0.01014 -0.00612 0.006 -0.00525 0 0 -0.00043 -0.00587 0 0 0 0.00048 0.00071 0.00058 0 0 -0.00095 0 0 -0.00139 -0.00771 -0.00163 -0.00246 -0.00172 -0.00186 0.00074 0.01737 -0.00189 -0.00844 0.00434 0.00177 0 -0.00599 0 -0.00721 -0.00254 0 -0.00066 1e-05 0 0 0.00244 8e-05 -0.00437 0 0 0.00107 -0.00096 0 0 -0.00052 0
**Goodness_of_fit	 0.511
**Cosine_Similarity	 0.945

