#####SIGNATURE DECOMPOSITION REPORT
###./uploads/ROP-34-ExC85-xgenV2_S25.recode.YJqifIJ7TW_whole_sig.txt	./uploads/ROP-34-ExC85-xgenV2_S25.recode.YJqifIJ7TW_whole_sig.txt
**NUM_MUTATIONS 137
**MUT_SUBCLASSES AC>AA AC>AC AC>AG AC>AT CC>AA CC>AC CC>AG CC>AT GC>AA GC>AC GC>AG GC>AT TC>AA TC>AC TC>AG TC>AT AC>GA AC>GC AC>GG AC>GT CC>GA CC>GC CC>GG CC>GT GC>GA GC>GC GC>GG GC>GT TC>GA TC>GC TC>GG TC>GT AC>TA AC>TC AC>TG AC>TT CC>TA CC>TC CC>TG CC>TT GC>TA GC>TC GC>TG GC>TT TC>TA TC>TC TC>TG TC>TT AT>AA AT>AC AT>AG AT>AT CT>AA CT>AC CT>AG CT>AT GT>AA GT>AC GT>AG GT>AT TT>AA TT>AC TT>AG TT>AT AT>CA AT>CC AT>CG AT>CT CT>CA CT>CC CT>CG CT>CT GT>CA GT>CC GT>CG GT>CT TT>CA TT>CC TT>CG TT>CT AT>GA AT>GC AT>GG AT>GT CT>GA CT>GC CT>GG CT>GT GT>GA GT>GC GT>GG GT>GT TT>GA TT>GC TT>GG TT>GT
**THIS_SPECTRUM 0 0.0073 0 0.0146 0.0073 0 0.0073 0.0073 0 0 0 0 0.0146 0.0073 0.0073 0.0073 0 0.0146 0.0146 0.0073 0.0073 0.0146 0.0146 0.0146 0 0 0.0073 0.0073 0.0073 0.0073 0 0.0073 0.0073 0.0073 0.05109 0.0292 0.0219 0.05109 0.05839 0.0146 0.0219 0.0292 0.07299 0.0292 0.0219 0.0146 0.05839 0.0073 0.0073 0.0073 0.0073 0.0073 0 0.0146 0 0 0 0 0.0073 0 0 0 0.0073 0.0073 0.0146 0.0073 0.0146 0.0146 0.0146 0.0292 0.0146 0.0073 0.0146 0.0146 0.0073 0.0073 0.0073 0 0.0219 0.0073 0 0 0.0073 0 0 0.0073 0 0 0 0 0 0 0 0 0.0073 0.0146
**THIS_SIGs_NUMBER 2
**THIS_SIGs 1 5
**THIS_SIG_CONTRIBUTIONS 0.4112 0.5888
**MAXLIK_SPECTRUM 0 0.00904 0 0.00798 0.00841 0 0.00202 0.00944 0 0 0 0 0.01374 0.01168 0.00323 0.01702 0 0.00535 0.0016 0.00811 0.00497 0.00478 0.00175 0.00611 0 0 0.00065 0.00392 0.00235 0.00552 0 0.00521 0.025 0.0134 0.08045 0.01489 0.022 0.01792 0.04687 0.01907 0.02206 0.02178 0.05036 0.01876 0.01243 0.01943 0.03569 0.0126 0.0069 0.00533 0.00793 0.01003 0 0.00444 0 0 0 0 0.00451 0 0 0 0.00465 0.00767 0.02655 0.01069 0.02092 0.01988 0.0101 0.00951 0.01392 0.01398 0.01422 0.00852 0.01035 0.01361 0.01336 0 0.01084 0.0128 0 0 0.0038 0 0 0.00291 0 0 0 0 0 0 0 0 0.0044 0.00953
**MAXLIK_RESIDUALS	 0 -0.00174 0 0.00661 -0.00111 0 0.00528 -0.00214 0 0 0 0 0.00086 -0.00438 0.00407 -0.00972 0 0.00924 0.013 -0.00081 0.00233 0.00982 0.01285 0.00849 0 0 0.00665 0.00338 0.00495 0.00178 0 0.00209 -0.0177 -0.0061 -0.02936 0.0143 -1e-04 0.03318 0.01152 -0.00447 -0.00016 0.00742 0.02264 0.01044 0.00946 -0.00483 0.02271 -0.0053 4e-04 0.00197 -0.00063 -0.00273 0 0.01016 0 0 0 0 0.00279 0 0 0 0.00264 -0.00037 -0.01195 -0.00339 -0.00632 -0.00528 0.0045 0.01968 0.00068 -0.00668 0.00038 0.00608 -0.00305 -0.00631 -0.00607 0 0.01106 -0.0055 0 0 0.0035 0 0 0.00439 0 0 0 0 0 0 0 0 0.0029 0.00507
**Goodness_of_fit	 0.555
**Cosine_Similarity	 0.887

