#####SIGNATURE DECOMPOSITION REPORT
###./uploads/ROP-68-ExC85-xgenV2_S45.recode.YJqifIJ7TW_whole_sig.txt	./uploads/ROP-68-ExC85-xgenV2_S45.recode.YJqifIJ7TW_whole_sig.txt
**NUM_MUTATIONS 157
**MUT_SUBCLASSES AC>AA AC>AC AC>AG AC>AT CC>AA CC>AC CC>AG CC>AT GC>AA GC>AC GC>AG GC>AT TC>AA TC>AC TC>AG TC>AT AC>GA AC>GC AC>GG AC>GT CC>GA CC>GC CC>GG CC>GT GC>GA GC>GC GC>GG GC>GT TC>GA TC>GC TC>GG TC>GT AC>TA AC>TC AC>TG AC>TT CC>TA CC>TC CC>TG CC>TT GC>TA GC>TC GC>TG GC>TT TC>TA TC>TC TC>TG TC>TT AT>AA AT>AC AT>AG AT>AT CT>AA CT>AC CT>AG CT>AT GT>AA GT>AC GT>AG GT>AT TT>AA TT>AC TT>AG TT>AT AT>CA AT>CC AT>CG AT>CT CT>CA CT>CC CT>CG CT>CT GT>CA GT>CC GT>CG GT>CT TT>CA TT>CC TT>CG TT>CT AT>GA AT>GC AT>GG AT>GT CT>GA CT>GC CT>GG CT>GT GT>GA GT>GC GT>GG GT>GT TT>GA TT>GC TT>GG TT>GT
**THIS_SPECTRUM 0.00637 0.00637 0 0 0.01274 0.01274 0.00637 0.00637 0.01274 0 0.01274 0.00637 0.01911 0.00637 0 0 0.00637 0 0 0.00637 0.01274 0 0.00637 0.01274 0.00637 0.01274 0.00637 0 0.00637 0.00637 0.00637 0.01911 0.01274 0.01911 0.04459 0 0.03185 0.02548 0.13376 0.05096 0.01911 0.03185 0.06369 0.01274 0.01274 0.01274 0.05096 0.00637 0.00637 0 0.00637 0.00637 0 0.01274 0 0.00637 0 0 0 0.00637 0.00637 0.00637 0 0.01274 0 0 0.01274 0.01911 0.01274 0.01911 0.01911 0.00637 0.00637 0.01274 0 0.01911 0.00637 0.00637 0 0.00637 0 0 0.00637 0 0 0 0.01911 0.00637 0 0 0 0 0 0 0 0.00637
**THIS_SIGs_NUMBER 3
**THIS_SIGs 1 3 23
**THIS_SIG_CONTRIBUTIONS 0.5255 0.37324 0.10125
**MAXLIK_SPECTRUM 0.01415 0.01152 0 0 0.01049 0.00982 0.00122 0.00934 0.00798 0 0.00069 0.0069 0.011 0.01213 0 0 0.00991 0 0 0.01025 0.00698 0 0.00182 0.00972 0.00476 0.00494 0.00062 0 0.007 0.00862 0.0011 0.0139 0.02418 0.01914 0.09247 0 0.02249 0.03178 0.05307 0.03079 0.02452 0.03383 0.0562 0.02415 0.0124 0.01875 0.04085 0.01354 0.00526 0 0.00425 0.00766 0 0.00575 0 0.00733 0 0 0 0.00435 0.00561 0.00445 0 0.00758 0 0 0.00975 0.01123 0.00514 0.00815 0.00686 0.00798 0.00849 0.00607 0 0.00851 0.00765 0.00666 0 0.00731 0 0 0.00411 0 0 0 0.00475 0.00473 0 0 0 0 0 0 0 0.00697
**MAXLIK_RESIDUALS	 -0.00778 -0.00515 0 0 0.00225 0.00292 0.00515 -0.00298 0.00476 0 0.01205 -0.00053 0.00811 -0.00577 0 0 -0.00354 0 0 -0.00388 0.00576 0 0.00454 0.00302 0.00161 0.0078 0.00575 0 -0.00063 -0.00225 0.00527 0.00521 -0.01144 -3e-05 -0.04788 0 0.00936 -0.00631 0.08068 0.02017 -0.00541 -0.00199 0.00749 -0.01141 0.00033 -0.00601 0.0101 -0.00717 0.00111 0 0.00212 -0.00129 0 0.00699 0 -0.00096 0 0 0 0.00202 0.00076 0.00192 0 0.00516 0 0 0.00299 0.00788 0.0076 0.01096 0.01225 -0.00161 -0.00212 0.00667 0 0.0106 -0.00128 -0.00029 0 -0.00094 0 0 0.00226 0 0 0 0.01436 0.00164 0 0 0 0 0 0 0 -6e-04
**Goodness_of_fit	 0.561
**Cosine_Similarity	 0.841

