#####SIGNATURE DECOMPOSITION REPORT
###./uploads/ROP-16-ExC85-xgenV2_S12.recode.YJqifIJ7TW_whole_sig.txt	./uploads/ROP-16-ExC85-xgenV2_S12.recode.YJqifIJ7TW_whole_sig.txt
**NUM_MUTATIONS 209
**MUT_SUBCLASSES AC>AA AC>AC AC>AG AC>AT CC>AA CC>AC CC>AG CC>AT GC>AA GC>AC GC>AG GC>AT TC>AA TC>AC TC>AG TC>AT AC>GA AC>GC AC>GG AC>GT CC>GA CC>GC CC>GG CC>GT GC>GA GC>GC GC>GG GC>GT TC>GA TC>GC TC>GG TC>GT AC>TA AC>TC AC>TG AC>TT CC>TA CC>TC CC>TG CC>TT GC>TA GC>TC GC>TG GC>TT TC>TA TC>TC TC>TG TC>TT AT>AA AT>AC AT>AG AT>AT CT>AA CT>AC CT>AG CT>AT GT>AA GT>AC GT>AG GT>AT TT>AA TT>AC TT>AG TT>AT AT>CA AT>CC AT>CG AT>CT CT>CA CT>CC CT>CG CT>CT GT>CA GT>CC GT>CG GT>CT TT>CA TT>CC TT>CG TT>CT AT>GA AT>GC AT>GG AT>GT CT>GA CT>GC CT>GG CT>GT GT>GA GT>GC GT>GG GT>GT TT>GA TT>GC TT>GG TT>GT
**THIS_SPECTRUM 0.00957 0.02392 0.00957 0.00957 0.00478 0.01914 0.00957 0.01435 0.00478 0.00478 0.01914 0.01435 0.02392 0.00957 0.00478 0.00478 0 0.00957 0.00478 0 0 0 0.00478 0 0 0.01914 0.00957 0.01914 0.00478 0 0 0.01914 0.00478 0.01914 0.03349 0.01914 0.01435 0.00957 0.06699 0.01914 0.01435 0.04785 0.04306 0.00957 0.02871 0.00478 0.04306 0.02871 0.00957 0.00478 0.00478 0.00478 0 0.01914 0.01914 0.01435 0 0.00957 0 0 0.00957 0.00478 0 0.00957 0 0.00478 0.00957 0.00478 0.01435 0.00478 0.03828 0.01435 0 0.01914 0 0.00957 0.00478 0.01435 0 0.00957 0 0 0 0 0 0 0 0.01435 0 0.00957 0 0.00478 0.00478 0.00478 0.00957 0.00957
**THIS_SIGs_NUMBER 3
**THIS_SIGs 2 3 6
**THIS_SIG_CONTRIBUTIONS 0.05784 0.55482 0.38734
**MAXLIK_SPECTRUM 0.013 0.01104 0.00139 0.00978 0.01437 0.01809 0.00461 0.03031 0.00633 0.00827 0.00134 0.01015 0.008 0.01071 0.00127 0.01202 0 0.00723 0.00294 0 0 0 0.00232 0 0 0.00661 0.00093 0.01061 0.01105 0 0 0.02204 0.02243 0.01141 0.03734 0.01417 0.01215 0.00878 0.03714 0.01281 0.03461 0.03461 0.05255 0.02637 0.03208 0.01484 0.01885 0.02076 0.00491 0.00538 0.00411 0.00692 0 0.00809 0.00671 0.00959 0 0.00422 0 0 0.00404 0.00536 0 0.00845 0 0.00729 0.01494 0.0104 0.00681 0.00958 0.01515 0.00793 0 0.00577 0 0.00583 0.00735 0.00746 0 0.00713 0 0 0 0 0 0 0 0.00818 0 0.00312 0 0.00528 0.00336 0.00415 0.00658 0.01
**MAXLIK_RESIDUALS	 -0.00343 0.01289 0.00818 -0.00021 -0.00959 0.00105 0.00495 -0.01596 -0.00155 -0.00349 0.0178 0.0042 0.01592 -0.00115 0.00351 -0.00724 0 0.00234 0.00185 0 0 0 0.00247 0 0 0.01253 0.00864 0.00853 -0.00627 0 0 -0.0029 -0.01765 0.00773 -0.00385 0.00496 0.00221 0.00079 0.02985 0.00633 -0.02026 0.01324 -0.00949 -0.0168 -0.00337 -0.01006 0.02421 0.00794 0.00466 -0.00059 0.00067 -0.00213 0 0.01104 0.01243 0.00476 0 0.00535 0 0 0.00553 -0.00058 0 0.00112 0 -0.00251 -0.00537 -0.00561 0.00754 -0.00479 0.02313 0.00642 0 0.01337 0 0.00374 -0.00256 0.00689 0 0.00243 0 0 0 0 0 0 0 0.00618 0 0.00645 0 -5e-04 0.00142 0.00063 0.00299 -0.00043
**Goodness_of_fit	 0.513
**Cosine_Similarity	 0.862

