#####SIGNATURE DECOMPOSITION REPORT
###./uploads/ROP-90-ExC85-xgenV2_S58.recode.YJqifIJ7TW_whole_sig.txt	./uploads/ROP-90-ExC85-xgenV2_S58.recode.YJqifIJ7TW_whole_sig.txt
**NUM_MUTATIONS 2493
**MUT_SUBCLASSES AC>AA AC>AC AC>AG AC>AT CC>AA CC>AC CC>AG CC>AT GC>AA GC>AC GC>AG GC>AT TC>AA TC>AC TC>AG TC>AT AC>GA AC>GC AC>GG AC>GT CC>GA CC>GC CC>GG CC>GT GC>GA GC>GC GC>GG GC>GT TC>GA TC>GC TC>GG TC>GT AC>TA AC>TC AC>TG AC>TT CC>TA CC>TC CC>TG CC>TT GC>TA GC>TC GC>TG GC>TT TC>TA TC>TC TC>TG TC>TT AT>AA AT>AC AT>AG AT>AT CT>AA CT>AC CT>AG CT>AT GT>AA GT>AC GT>AG GT>AT TT>AA TT>AC TT>AG TT>AT AT>CA AT>CC AT>CG AT>CT CT>CA CT>CC CT>CG CT>CT GT>CA GT>CC GT>CG GT>CT TT>CA TT>CC TT>CG TT>CT AT>GA AT>GC AT>GG AT>GT CT>GA CT>GC CT>GG CT>GT GT>GA GT>GC GT>GG GT>GT TT>GA TT>GC TT>GG TT>GT
**THIS_SPECTRUM 0 0.0016 0 0.00401 0.00762 0.01324 0.01003 0.03851 8e-04 0.00241 0.00401 0.00762 0.0016 0.00241 8e-04 0.00241 8e-04 0 0 0.00241 0.0016 0 0 8e-04 4e-04 0.00281 0 0 0 4e-04 4e-04 0.0016 0.00802 0.00882 0.14601 0.00361 0.00281 0.00762 0.14962 0.00602 0.02086 0.04372 0.18251 0.02327 0.00321 0.00401 0.06217 0.0012 4e-04 8e-04 4e-04 0.0016 0 0.00281 0.0016 0.0012 4e-04 4e-04 4e-04 0 8e-04 0.0012 0 0 0.00963 0.01203 0.02447 0.00602 0.00602 0.01284 0.0357 0.00481 0.00923 0.00882 0.01805 0.00562 0.00361 0.00682 0.01083 0.00281 0 0.0016 4e-04 0.00201 8e-04 0.00602 0.00722 0.00562 4e-04 8e-04 8e-04 0.0012 0 0 0.0016 4e-04
**THIS_SIGs_NUMBER 3
**THIS_SIGs 1 6 10
**THIS_SIG_CONTRIBUTIONS 0.47666 0.52334 0
**MAXLIK_SPECTRUM 0 0.00583 0 0.00397 0.00843 0.01611 0.00519 0.03331 0.00518 0.00578 0.00139 0.00668 0.00673 0.00684 0.00166 0.01031 0.00154 0 0 0.00235 0.00061 0 0 0.00076 0.00029 0.00271 0 0 0 0.00109 0.00015 0.00155 0.0304 0.01536 0.12934 0.01382 0.01441 0.014 0.09271 0.01271 0.04606 0.0534 0.11944 0.03585 0.01078 0.01193 0.05669 0.00902 0.00223 0.00286 0.00134 0.00676 0 0.00227 0.00113 0.00161 0.00033 0.00173 0.00089 0 0.00277 0.00137 0 0 0.01056 0.00592 0.01619 0.00562 0.00524 0.0046 0.01747 0.00493 0.01175 0.00642 0.00839 0.00728 0.00694 0.00415 0.00952 0.0045 0 0.00174 0.00103 0.00302 2e-04 0.00309 0.00338 0.00582 5e-05 0.00093 0.00109 0.00221 0 0 0.00154 0.00569
**MAXLIK_RESIDUALS	 0 -0.00422 0 5e-05 -0.00081 -0.00288 0.00484 0.0052 -0.00438 -0.00337 0.00262 0.00094 -0.00512 -0.00443 -0.00086 -0.0079 -0.00074 0 0 5e-05 0.00099 0 0 4e-05 0.00011 1e-04 0 0 0 -0.00069 0.00026 5e-05 -0.02237 -0.00653 0.01667 -0.0102 -0.0116 -0.00638 0.05691 -0.00669 -0.02521 -0.00968 0.06307 -0.01259 -0.00757 -0.00792 0.00548 -0.00782 -0.00183 -0.00206 -0.00094 -0.00515 0 0.00054 0.00048 -0.00041 7e-05 -0.00133 -0.00048 0 -0.00197 -0.00017 0 0 -0.00093 0.00611 0.00828 4e-04 0.00078 0.00824 0.01823 -0.00011 -0.00252 0.0024 0.00966 -0.00167 -0.00333 0.00267 0.00131 -0.00169 0 -0.00014 -0.00063 -0.00102 0.00061 0.00292 0.00384 -2e-04 0.00035 -0.00013 -0.00029 -0.00101 0 0 6e-05 -0.00529
**Goodness_of_fit	 0.572
**Cosine_Similarity	 0.956

