#####SIGNATURE DECOMPOSITION REPORT
###./uploads/ROP-65-ExC85-xgenV2_S44.recode.YJqifIJ7TW_whole_sig.txt	./uploads/ROP-65-ExC85-xgenV2_S44.recode.YJqifIJ7TW_whole_sig.txt
**NUM_MUTATIONS 131
**MUT_SUBCLASSES AC>AA AC>AC AC>AG AC>AT CC>AA CC>AC CC>AG CC>AT GC>AA GC>AC GC>AG GC>AT TC>AA TC>AC TC>AG TC>AT AC>GA AC>GC AC>GG AC>GT CC>GA CC>GC CC>GG CC>GT GC>GA GC>GC GC>GG GC>GT TC>GA TC>GC TC>GG TC>GT AC>TA AC>TC AC>TG AC>TT CC>TA CC>TC CC>TG CC>TT GC>TA GC>TC GC>TG GC>TT TC>TA TC>TC TC>TG TC>TT AT>AA AT>AC AT>AG AT>AT CT>AA CT>AC CT>AG CT>AT GT>AA GT>AC GT>AG GT>AT TT>AA TT>AC TT>AG TT>AT AT>CA AT>CC AT>CG AT>CT CT>CA CT>CC CT>CG CT>CT GT>CA GT>CC GT>CG GT>CT TT>CA TT>CC TT>CG TT>CT AT>GA AT>GC AT>GG AT>GT CT>GA CT>GC CT>GG CT>GT GT>GA GT>GC GT>GG GT>GT TT>GA TT>GC TT>GG TT>GT
**THIS_SPECTRUM 0 0.0229 0 0 0 0.01527 0.00763 0.01527 0.01527 0.00763 0.00763 0.01527 0 0.01527 0.00763 0.01527 0 0.01527 0 0.00763 0 0 0 0.00763 0 0.01527 0.00763 0.01527 0.01527 0.00763 0.00763 0.01527 0.0229 0.03053 0.03817 0.00763 0.03053 0.00763 0.06107 0.01527 0.01527 0 0.0458 0.03053 0.01527 0.00763 0.01527 0.0229 0 0 0.00763 0 0 0.00763 0.03053 0 0 0.00763 0 0 0 0 0 0 0.00763 0.01527 0.01527 0.01527 0 0.01527 0.03053 0.01527 0.00763 0 0.00763 0.00763 0.00763 0.03053 0.00763 0.01527 0 0.00763 0 0.00763 0 0.0229 0 0.01527 0 0.00763 0.0229 0 0 0.00763 0.01527 0.01527
**THIS_SIGs_NUMBER 2
**THIS_SIGs 3 6
**THIS_SIG_CONTRIBUTIONS 0.63805 0.36195
**MAXLIK_SPECTRUM 0 0.01242 0 0 0 0.01878 0.00455 0.03006 0.00706 0.00902 0.00135 0.01094 0 0.01165 0.00126 0.01252 0 0.00819 0 0.0155 0 0 0 0.01542 0 0.00735 0.00107 0.01205 0.01024 0.01293 0.00161 0.02088 0.0227 0.01158 0.03514 0.01483 0.01226 0.00904 0.03486 0.01341 0.03393 0 0.04924 0.02574 0.00834 0.01106 0.01524 0.00828 0 0 0.00469 0 0 0.00906 0.00763 0 0 0.0046 0 0 0 0 0 0 0.01103 0.00789 0.01533 0.01167 0 0.01066 0.01515 0.00881 0.00879 0 0.00805 0.00631 0.00795 0.00826 0.00774 0.00792 0 0.00155 0 0.00554 0 0.00516 0 0.00868 0 0.00345 0.01082 0 0 0.00462 0.00747 0.0109
**MAXLIK_RESIDUALS	 0 0.01048 0 0 0 -0.00351 0.00309 -0.01479 0.00821 -0.00138 0.00628 0.00432 0 0.00362 0.00637 0.00275 0 0.00707 0 -0.00787 0 0 0 -0.00778 0 0.00791 0.00657 0.00322 0.00503 -0.0053 0.00602 -0.00562 2e-04 0.01896 0.00302 -0.0072 0.01827 -0.0014 0.02621 0.00186 -0.01866 0 -0.00344 0.0048 0.00692 -0.00342 3e-05 0.01462 0 0 0.00294 0 0 -0.00143 0.0229 0 0 0.00304 0 0 0 0 0 0 -0.0034 0.00738 -6e-05 0.0036 0 0.00461 0.01539 0.00646 -0.00115 0 -0.00042 0.00132 -0.00032 0.02228 -1e-04 0.00734 0 0.00608 0 0.0021 0 0.01774 0 0.00659 0 0.00418 0.01208 0 0 0.00302 0.0078 0.00437
**Goodness_of_fit	 0.576
**Cosine_Similarity	 0.883

