#####SIGNATURE DECOMPOSITION REPORT
###./uploads/ROP-114-ExC85-xgenV2_S77.recode.YJqifIJ7TW_whole_sig.txt	./uploads/ROP-114-ExC85-xgenV2_S77.recode.YJqifIJ7TW_whole_sig.txt
**NUM_MUTATIONS 190
**MUT_SUBCLASSES AC>AA AC>AC AC>AG AC>AT CC>AA CC>AC CC>AG CC>AT GC>AA GC>AC GC>AG GC>AT TC>AA TC>AC TC>AG TC>AT AC>GA AC>GC AC>GG AC>GT CC>GA CC>GC CC>GG CC>GT GC>GA GC>GC GC>GG GC>GT TC>GA TC>GC TC>GG TC>GT AC>TA AC>TC AC>TG AC>TT CC>TA CC>TC CC>TG CC>TT GC>TA GC>TC GC>TG GC>TT TC>TA TC>TC TC>TG TC>TT AT>AA AT>AC AT>AG AT>AT CT>AA CT>AC CT>AG CT>AT GT>AA GT>AC GT>AG GT>AT TT>AA TT>AC TT>AG TT>AT AT>CA AT>CC AT>CG AT>CT CT>CA CT>CC CT>CG CT>CT GT>CA GT>CC GT>CG GT>CT TT>CA TT>CC TT>CG TT>CT AT>GA AT>GC AT>GG AT>GT CT>GA CT>GC CT>GG CT>GT GT>GA GT>GC GT>GG GT>GT TT>GA TT>GC TT>GG TT>GT
**THIS_SPECTRUM 0.00526 0.01579 0.00526 0 0.00526 0.02105 0.01053 0.00526 0.01053 0.02105 0.00526 0.02105 0.01053 0.01053 0.00526 0.01053 0 0 0 0.00526 0.00526 0 0.00526 0.00526 0.00526 0.00526 0.01053 0.00526 0.01053 0.00526 0 0.00526 0.01579 0.01053 0.09474 0.01579 0.01053 0.02632 0.08947 0.02632 0.00526 0.03158 0.10526 0.01579 0.01053 0.02105 0.06316 0.01053 0 0 0.00526 0 0 0.00526 0 0 0 0 0 0.00526 0 0 0.00526 0 0.01053 0.00526 0.03158 0.01579 0.00526 0.01579 0.00526 0.01053 0.01053 0.00526 0.00526 0.02105 0 0 0.01053 0.01053 0 0 0 0 0 0.00526 0.00526 0.00526 0 0.00526 0.00526 0 0 0 0 0.00526
**THIS_SIGs_NUMBER 4
**THIS_SIGs 1 3 15 24
**THIS_SIG_CONTRIBUTIONS 0.65694 0.15477 0.11919 0.0691
**MAXLIK_SPECTRUM 0.01286 0.01065 0.00273 0 0.0129 0.0106 0.00262 0.01111 0.01097 0.01424 0.00392 0.01199 0.0127 0.01496 0.00289 0.01637 0 0 0 0.00594 0.00449 0 0.00108 0.00555 0.00284 0.0038 0.00072 0.00378 0.00453 0.00531 0 0.00773 0.02399 0.01307 0.11721 0.01161 0.01698 0.01453 0.06538 0.01515 0.02619 0.03624 0.0909 0.02405 0.01407 0.0164 0.0518 0.01192 0 0 0.00353 0 0 0.00392 0 0 0 0 0 0.00324 0 0 0.00258 0 0.01286 0.00646 0.00953 0.00995 0.00447 0.00659 0.00744 0.00678 0.01086 0.01198 0.00607 0.00958 0 0 0.00691 0.00636 0 0 0 0 0 0.00266 0.00276 0.00387 0 0.00117 0.00396 0 0 0 0 0.00506
**MAXLIK_RESIDUALS	 -0.00759 0.00514 0.00254 0 -0.00763 0.01046 0.00791 -0.00584 -0.00045 0.00681 0.00134 0.00907 -0.00218 -0.00444 0.00238 -0.00585 0 0 0 -0.00067 0.00078 0 0.00418 -0.00029 0.00242 0.00146 0.00981 0.00148 0.006 -5e-05 0 -0.00246 -0.0082 -0.00254 -0.02248 0.00418 -0.00645 0.01179 0.02409 0.01117 -0.02093 -0.00467 0.01436 -0.00826 -0.00354 0.00465 0.01136 -0.0014 0 0 0.00173 0 0 0.00134 0 0 0 0 0 0.00202 0 0 0.00269 0 -0.00233 -0.00119 0.02205 0.00584 0.00079 0.0092 -0.00217 0.00374 -0.00033 -0.00672 -0.00081 0.01147 0 0 0.00361 0.00416 0 0 0 0 0 0.00261 0.0025 0.00139 0 0.0041 0.0013 0 0 0 0 0.00021
**Goodness_of_fit	 0.636
**Cosine_Similarity	 0.951

