#####SIGNATURE DECOMPOSITION REPORT
###./uploads/ROP-51-ExC85-xgenV2_S35.recode.YJqifIJ7TW_whole_sig.txt	./uploads/ROP-51-ExC85-xgenV2_S35.recode.YJqifIJ7TW_whole_sig.txt
**NUM_MUTATIONS 254
**MUT_SUBCLASSES AC>AA AC>AC AC>AG AC>AT CC>AA CC>AC CC>AG CC>AT GC>AA GC>AC GC>AG GC>AT TC>AA TC>AC TC>AG TC>AT AC>GA AC>GC AC>GG AC>GT CC>GA CC>GC CC>GG CC>GT GC>GA GC>GC GC>GG GC>GT TC>GA TC>GC TC>GG TC>GT AC>TA AC>TC AC>TG AC>TT CC>TA CC>TC CC>TG CC>TT GC>TA GC>TC GC>TG GC>TT TC>TA TC>TC TC>TG TC>TT AT>AA AT>AC AT>AG AT>AT CT>AA CT>AC CT>AG CT>AT GT>AA GT>AC GT>AG GT>AT TT>AA TT>AC TT>AG TT>AT AT>CA AT>CC AT>CG AT>CT CT>CA CT>CC CT>CG CT>CT GT>CA GT>CC GT>CG GT>CT TT>CA TT>CC TT>CG TT>CT AT>GA AT>GC AT>GG AT>GT CT>GA CT>GC CT>GG CT>GT GT>GA GT>GC GT>GG GT>GT TT>GA TT>GC TT>GG TT>GT
**THIS_SPECTRUM 0.00787 0.00787 0.00394 0 0 0 0.01181 0.00394 0.01969 0.01181 0.00787 0.00787 0.00394 0.01181 0.00394 0.00787 0 0.01181 0 0.00394 0.00394 0 0.00787 0.01181 0.00787 0.01575 0 0.00394 0.00394 0.00787 0.00394 0.00787 0.02362 0.01969 0.09843 0.00787 0.01575 0.01181 0.08268 0.03543 0.02362 0.03543 0.12992 0.01181 0.02756 0.00787 0.07087 0.01181 0 0 0 0.00787 0 0 0.00394 0.00394 0 0.00394 0 0.00394 0 0 0 0.00394 0.01181 0.00394 0 0.01181 0.01181 0 0.00394 0.00787 0 0.00394 0.00787 0.00394 0.00394 0.00394 0.01575 0.00394 0.00394 0 0.00787 0 0 0 0.00394 0.0315 0 0 0 0.00394 0.00394 0 0 0.00787
**THIS_SIGs_NUMBER 5
**THIS_SIGs 1 2 15 17 24
**THIS_SIG_CONTRIBUTIONS 0.66312 0.02023 0.18892 0.08574 0.04199
**MAXLIK_SPECTRUM 0.00898 0.00771 0.00185 0 0 0 0.00184 0.00993 0.00878 0.01042 0.00272 0.01118 0.01098 0.01144 0.00274 0.01481 0 0.00223 0 0.00244 0.00175 0 0.00045 0.00176 0.00113 0.0021 0 0.00122 0.00263 0.00224 3e-04 0.00423 0.023 0.01327 0.12065 0.01032 0.0172 0.01433 0.06766 0.01434 0.02683 0.04416 0.10441 0.02775 0.02272 0.01827 0.05495 0.01712 0 0 0 0.00722 0 0 0.00217 0.00439 0 0.00151 0 0.00255 0 0 0 0.00305 0.01186 0.00627 0 0.00793 0.0041 0 0.00953 0.01393 0 0.01518 0.00662 0.00974 0.00686 0.00615 0.00679 0.00568 0.00106 0 0.00149 0 0 0 0.00236 0.02521 0 0 0 0.0096 0.00094 0 0 0.00828
**MAXLIK_RESIDUALS	 -0.0011 0.00016 0.00209 0 0 0 0.00997 -0.00599 0.01091 0.00139 0.00515 -0.00331 -0.00705 0.00037 0.0012 -0.00694 0 0.00958 0 0.00149 0.00218 0 0.00743 0.01005 0.00674 0.01365 0 0.00272 0.00131 0.00564 0.00363 0.00365 0.00062 0.00642 -0.02222 -0.00245 -0.00145 -0.00252 0.01502 0.0211 -0.00321 -0.00872 0.02551 -0.01594 0.00484 -0.0104 0.01592 -0.00531 0 0 0 0.00066 0 0 0.00176 -0.00045 0 0.00242 0 0.00139 0 0 0 0.00089 -5e-05 -0.00233 0 0.00388 0.00771 0 -0.00559 -0.00605 0 -0.01125 0.00125 -0.0058 -0.00292 -0.00221 0.00896 -0.00175 0.00288 0 0.00639 0 0 0 0.00158 0.00629 0 0 0 -0.00566 0.003 0 0 -4e-04
**Goodness_of_fit	 0.621
**Cosine_Similarity	 0.956

