#####SIGNATURE DECOMPOSITION REPORT
###./uploads/ROP-12-ExC85-xgenV2_S9.recode.YJqifIJ7TW_whole_sig.txt	./uploads/ROP-12-ExC85-xgenV2_S9.recode.YJqifIJ7TW_whole_sig.txt
**NUM_MUTATIONS 184
**MUT_SUBCLASSES AC>AA AC>AC AC>AG AC>AT CC>AA CC>AC CC>AG CC>AT GC>AA GC>AC GC>AG GC>AT TC>AA TC>AC TC>AG TC>AT AC>GA AC>GC AC>GG AC>GT CC>GA CC>GC CC>GG CC>GT GC>GA GC>GC GC>GG GC>GT TC>GA TC>GC TC>GG TC>GT AC>TA AC>TC AC>TG AC>TT CC>TA CC>TC CC>TG CC>TT GC>TA GC>TC GC>TG GC>TT TC>TA TC>TC TC>TG TC>TT AT>AA AT>AC AT>AG AT>AT CT>AA CT>AC CT>AG CT>AT GT>AA GT>AC GT>AG GT>AT TT>AA TT>AC TT>AG TT>AT AT>CA AT>CC AT>CG AT>CT CT>CA CT>CC CT>CG CT>CT GT>CA GT>CC GT>CG GT>CT TT>CA TT>CC TT>CG TT>CT AT>GA AT>GC AT>GG AT>GT CT>GA CT>GC CT>GG CT>GT GT>GA GT>GC GT>GG GT>GT TT>GA TT>GC TT>GG TT>GT
**THIS_SPECTRUM 0.00543 0.00543 0.00543 0 0.00543 0 0.02174 0.02717 0.00543 0 0.01087 0.00543 0.01087 0.0163 0 0 0.00543 0 0 0 0.0163 0.01087 0.01087 0.00543 0.00543 0.00543 0 0 0.01087 0.01087 0 0.01087 0.01087 0.0163 0.08696 0.00543 0.03261 0.01087 0.11957 0.01087 0.0163 0.02174 0.11413 0.01087 0.01087 0.02717 0.04348 0.01087 0.01087 0 0.01087 0.00543 0 0.00543 0.01087 0.01087 0 0 0 0 0 0 0.01087 0.00543 0.02717 0.01087 0.02717 0.00543 0.01087 0 0 0.02174 0.00543 0 0.00543 0.00543 0.00543 0.01087 0.01087 0 0 0 0 0 0 0.01087 0 0.00543 0 0 0 0 0 0 0 0.00543
**THIS_SIGs_NUMBER 2
**THIS_SIGs 1 5
**THIS_SIG_CONTRIBUTIONS 0.69267 0.30733
**MAXLIK_SPECTRUM 0.01228 0.00909 0.00171 0 0.00754 0 0.00148 0.00836 0.00936 0 0.00129 0.00625 0.01303 0.01143 0 0 0.00483 0 0 0 0.00321 0.00283 0.00115 0.00385 0.00213 0.00331 0 0 0.00212 0.00387 0 0.00423 0.02716 0.01384 0.12405 0.01381 0.02147 0.0182 0.07016 0.01813 0.02344 0.02435 0.0758 0.01825 0.01342 0.01859 0.05496 0.01315 0.00552 0 0.00548 0.00923 0 0.00323 0.00426 0.00452 0 0 0 0 0 0 0.00295 0.0059 0.02051 0.00858 0.01577 0.0148 0.00727 0 0 0.01051 0.0128 0 0.00778 0.0122 0.01084 0.00773 0.00964 0 0 0 0 0 0 0.00252 0 0.00544 0 0 0 0 0 0 0 0.0069
**MAXLIK_RESIDUALS	 -0.00684 -0.00366 0.00372 0 -0.00211 0 0.02026 0.01881 -0.00392 0 0.00958 -0.00082 -0.00216 0.00487 0 0 6e-04 0 0 0 0.0131 0.00804 0.00972 0.00158 0.00331 0.00212 0 0 0.00875 0.007 0 0.00664 -0.01629 0.00246 -0.03709 -0.00837 0.01114 -0.00733 0.04941 -0.00726 -0.00713 -0.00261 0.03834 -0.00738 -0.00255 0.00858 -0.01148 -0.00229 0.00535 0 0.00539 -0.0038 0 0.00221 0.00661 0.00635 0 0 0 0 0 0 0.00792 -0.00047 0.00667 0.00229 0.01141 -0.00937 0.0036 0 0 0.01123 -0.00736 0 -0.00235 -0.00677 -0.0054 0.00314 0.00123 0 0 0 0 0 0 0.00835 0 -1e-05 0 0 0 0 0 0 0 -0.00147
**Goodness_of_fit	 0.524
**Cosine_Similarity	 0.904

