#####SIGNATURE DECOMPOSITION REPORT
###./uploads/ROP-37-ExC85-xgenV2_S27.recode.YJqifIJ7TW_whole_sig.txt	./uploads/ROP-37-ExC85-xgenV2_S27.recode.YJqifIJ7TW_whole_sig.txt
**NUM_MUTATIONS 223
**MUT_SUBCLASSES AC>AA AC>AC AC>AG AC>AT CC>AA CC>AC CC>AG CC>AT GC>AA GC>AC GC>AG GC>AT TC>AA TC>AC TC>AG TC>AT AC>GA AC>GC AC>GG AC>GT CC>GA CC>GC CC>GG CC>GT GC>GA GC>GC GC>GG GC>GT TC>GA TC>GC TC>GG TC>GT AC>TA AC>TC AC>TG AC>TT CC>TA CC>TC CC>TG CC>TT GC>TA GC>TC GC>TG GC>TT TC>TA TC>TC TC>TG TC>TT AT>AA AT>AC AT>AG AT>AT CT>AA CT>AC CT>AG CT>AT GT>AA GT>AC GT>AG GT>AT TT>AA TT>AC TT>AG TT>AT AT>CA AT>CC AT>CG AT>CT CT>CA CT>CC CT>CG CT>CT GT>CA GT>CC GT>CG GT>CT TT>CA TT>CC TT>CG TT>CT AT>GA AT>GC AT>GG AT>GT CT>GA CT>GC CT>GG CT>GT GT>GA GT>GC GT>GG GT>GT TT>GA TT>GC TT>GG TT>GT
**THIS_SPECTRUM 0.00897 0.01794 0 0 0.00897 0 0 0.00448 0.00897 0.00897 0.00897 0.00448 0.00897 0.01345 0 0.01345 0.00448 0 0.00448 0.00897 0.00448 0 0.01345 0.00448 0 0 0.00448 0.00448 0.01794 0.00897 0.00448 0.00448 0.01345 0.01794 0.05381 0.01794 0.01345 0.01794 0.1704 0.03139 0.01794 0.02691 0.12556 0.00897 0.00897 0.01794 0.04484 0.01794 0.00448 0 0.00448 0.00448 0.00448 0.00448 0 0.00448 0 0.00448 0 0 0.00448 0 0.00897 0 0.00897 0.00448 0.02242 0.00897 0.00897 0 0.00448 0.00897 0 0 0.01345 0.00448 0.00448 0.00448 0.01345 0.00897 0.00448 0 0 0 0.00448 0 0.00897 0.00448 0 0.00897 0 0.00448 0.00448 0 0 0
**THIS_SIGs_NUMBER 3
**THIS_SIGs 1 3 6
**THIS_SIG_CONTRIBUTIONS 0.39029 0.15356 0.45615
**MAXLIK_SPECTRUM 0.00851 0.00759 0 0 0.01007 0 0 0.03111 0.0058 0.00656 0.00134 0.00758 0.00735 0.00823 0 0.01111 0.00498 0 0.00104 0.00555 0.00309 0 0.00084 0.00432 0 0 0.00026 0.00387 0.0032 0.00399 0.00051 0.00629 0.0285 0.01439 0.10896 0.014 0.01424 0.01305 0.07894 0.01312 0.042 0.04712 0.10169 0.03244 0.0104 0.01203 0.04776 0.0091 0.00314 0 0.00223 0.00703 0.00167 0.00388 0 0.00388 0 0.00236 0 0 0.00337 0 0.00143 0 0.01085 0.00641 0.01565 0.00727 0.00567 0 0.01635 0.00596 0 0 0.00812 0.00723 0.00724 0.00517 0.00902 0.00542 0.00098 0 0 0 0.00047 0 0.00451 0.00634 0 0.0015 0 0.00299 0.00179 0 0 0
**MAXLIK_RESIDUALS	 0.00046 0.01034 0 0 -0.0011 0 0 -0.02663 0.00317 0.00241 0.00763 -0.0031 0.00162 0.00522 0 0.00234 -5e-04 0 0.00344 0.00342 0.0014 0 0.01261 0.00016 0 0 0.00423 0.00061 0.01474 0.00498 0.00398 -0.00181 -0.01504 0.00355 -0.05515 0.00394 -0.00079 0.00489 0.09146 0.01827 -0.02406 -0.02022 0.02387 -0.02347 -0.00143 0.0059 -0.00292 0.00884 0.00135 0 0.00226 -0.00254 0.00281 6e-04 0 6e-04 0 0.00213 0 0 0.00111 0 0.00753 0 -0.00189 -0.00193 0.00677 0.0017 0.0033 0 -0.01186 0.00301 0 0 0.00533 -0.00275 -0.00276 -0.00069 0.00443 0.00355 0.0035 0 0 0 0.00402 0 0.00446 -0.00185 0 0.00747 0 0.00149 0.00269 0 0 0
**Goodness_of_fit	 0.484
**Cosine_Similarity	 0.849

