#####SIGNATURE DECOMPOSITION REPORT
###./uploads/ROP-44-ExC85-xgenV2_S30.recode.YJqifIJ7TW_whole_sig.txt	./uploads/ROP-44-ExC85-xgenV2_S30.recode.YJqifIJ7TW_whole_sig.txt
**NUM_MUTATIONS 215
**MUT_SUBCLASSES AC>AA AC>AC AC>AG AC>AT CC>AA CC>AC CC>AG CC>AT GC>AA GC>AC GC>AG GC>AT TC>AA TC>AC TC>AG TC>AT AC>GA AC>GC AC>GG AC>GT CC>GA CC>GC CC>GG CC>GT GC>GA GC>GC GC>GG GC>GT TC>GA TC>GC TC>GG TC>GT AC>TA AC>TC AC>TG AC>TT CC>TA CC>TC CC>TG CC>TT GC>TA GC>TC GC>TG GC>TT TC>TA TC>TC TC>TG TC>TT AT>AA AT>AC AT>AG AT>AT CT>AA CT>AC CT>AG CT>AT GT>AA GT>AC GT>AG GT>AT TT>AA TT>AC TT>AG TT>AT AT>CA AT>CC AT>CG AT>CT CT>CA CT>CC CT>CG CT>CT GT>CA GT>CC GT>CG GT>CT TT>CA TT>CC TT>CG TT>CT AT>GA AT>GC AT>GG AT>GT CT>GA CT>GC CT>GG CT>GT GT>GA GT>GC GT>GG GT>GT TT>GA TT>GC TT>GG TT>GT
**THIS_SPECTRUM 0.00465 0.00465 0.00465 0.00465 0.00465 0.00465 0.00465 0.00465 0.00465 0.00465 0.0093 0 0 0.0093 0 0.0093 0.00465 0.00465 0.00465 0 0.01395 0 0.0186 0.0186 0.0093 0 0.00465 0 0.0093 0.00465 0.00465 0.0186 0.02791 0.03256 0.05116 0.01395 0.0093 0.0186 0.08372 0.02791 0.01395 0.03256 0.06512 0.03256 0.03256 0.02791 0.05116 0.0093 0.00465 0.00465 0.0093 0 0 0.00465 0.00465 0.01395 0 0 0.00465 0 0 0.00465 0 0 0.0093 0.0093 0.02791 0.0186 0.00465 0.0186 0.00465 0 0.0093 0.01395 0.00465 0.02326 0.00465 0.00465 0.0093 0.00465 0.00465 0.00465 0.0093 0.00465 0 0.00465 0.00465 0.0093 0.00465 0 0.00465 0 0 0.00465 0 0.00465
**THIS_SIGs_NUMBER 3
**THIS_SIGs 1 3 30
**THIS_SIG_CONTRIBUTIONS 0.4599 0.36479 0.17531
**MAXLIK_SPECTRUM 0.01319 0.01073 0.00181 0.0088 0.00988 0.00913 0.00152 0.00868 0.00888 0.00824 0.00078 0 0 0.01119 0 0.01297 0.00958 0.00562 0.00304 0 0.00673 0 0.00233 0.00941 0.00592 0 0.00089 0 0.00671 0.0083 0.00141 0.01337 0.03151 0.01937 0.08383 0.01505 0.02704 0.02282 0.04827 0.01974 0.02587 0.02416 0.05083 0.01532 0.0248 0.0289 0.03823 0.01807 0.00625 0.00444 0.00513 0 0 0.00671 0.00633 0.00701 0 0 0.00438 0 0 0.00538 0 0 0.01116 0.00777 0.01052 0.01045 0.0048 0.00768 0.0063 0 0.00767 0.00666 0.00589 0.00913 0.00704 0.00783 0.00711 0.00681 0.00252 0.00179 0.00504 0.00569 0 0.00414 0.00585 0.00605 0.00213 0 0.00711 0 0 0.0036 0 0.0066
**MAXLIK_RESIDUALS	 -0.00854 -0.00608 0.00284 -0.00415 -0.00523 -0.00447 0.00313 -0.00402 -0.00422 -0.00359 0.00852 0 0 -0.00189 0 -0.00367 -0.00493 -0.00097 0.00161 0 0.00722 0 0.01628 0.0092 0.00338 0 0.00377 0 0.00259 -0.00365 0.00324 0.00524 -0.0036 0.01319 -0.03267 -0.0011 -0.01773 -0.00421 0.03545 0.00817 -0.01192 0.0084 0.01428 0.01724 0.00775 -0.00099 0.01293 -0.00877 -0.0016 0.00022 0.00417 0 0 -0.00206 -0.00168 0.00695 0 0 0.00028 0 0 -0.00073 0 0 -0.00185 0.00153 0.01738 0.00815 -0.00015 0.01092 -0.00165 0 0.00163 0.0073 -0.00124 0.01413 -0.00239 -0.00318 0.00219 -0.00216 0.00213 0.00287 0.00426 -0.00104 0 0.00051 -0.0012 0.00325 0.00252 0 -0.00246 0 0 0.00105 0 -0.00194
**Goodness_of_fit	 0.562
**Cosine_Similarity	 0.898

