#####SIGNATURE DECOMPOSITION REPORT
###./uploads/ROP-15-ExC85-xgenV2_S11.recode.YJqifIJ7TW_whole_sig.txt	./uploads/ROP-15-ExC85-xgenV2_S11.recode.YJqifIJ7TW_whole_sig.txt
**NUM_MUTATIONS 236
**MUT_SUBCLASSES AC>AA AC>AC AC>AG AC>AT CC>AA CC>AC CC>AG CC>AT GC>AA GC>AC GC>AG GC>AT TC>AA TC>AC TC>AG TC>AT AC>GA AC>GC AC>GG AC>GT CC>GA CC>GC CC>GG CC>GT GC>GA GC>GC GC>GG GC>GT TC>GA TC>GC TC>GG TC>GT AC>TA AC>TC AC>TG AC>TT CC>TA CC>TC CC>TG CC>TT GC>TA GC>TC GC>TG GC>TT TC>TA TC>TC TC>TG TC>TT AT>AA AT>AC AT>AG AT>AT CT>AA CT>AC CT>AG CT>AT GT>AA GT>AC GT>AG GT>AT TT>AA TT>AC TT>AG TT>AT AT>CA AT>CC AT>CG AT>CT CT>CA CT>CC CT>CG CT>CT GT>CA GT>CC GT>CG GT>CT TT>CA TT>CC TT>CG TT>CT AT>GA AT>GC AT>GG AT>GT CT>GA CT>GC CT>GG CT>GT GT>GA GT>GC GT>GG GT>GT TT>GA TT>GC TT>GG TT>GT
**THIS_SPECTRUM 0.00847 0.01695 0.00847 0.00424 0.00424 0.00424 0.00847 0.00847 0.00847 0.00424 0.00847 0.00847 0.01695 0.02119 0.00847 0.01695 0.00424 0.00424 0.00847 0.00424 0.00847 0.00424 0.00847 0.00424 0.00424 0.00424 0.00424 0 0 0.02119 0 0.0339 0.01695 0.01271 0.07627 0.01695 0.02542 0.02542 0.08051 0.02966 0.02119 0.01695 0.06356 0.00847 0.02119 0.01271 0.0339 0.02119 0.00424 0 0 0.00847 0 0.00424 0.01271 0.00424 0 0 0.00424 0 0.00424 0 0 0.00424 0.00847 0.00847 0.02119 0.02966 0.00424 0.00847 0.02542 0.00424 0.00424 0.01271 0.02119 0 0 0 0 0 0.00424 0 0 0 0.00424 0.00847 0 0.01271 0 0.00424 0.00424 0.00424 0 0 0.00424 0.00424
**THIS_SIGs_NUMBER 3
**THIS_SIGs 1 5 13
**THIS_SIG_CONTRIBUTIONS 0.48353 0.42683 0.08964
**MAXLIK_SPECTRUM 0.01177 0.00831 0.00167 0.00702 0.00747 0.00577 0.00165 0.00829 0.00907 0.0068 0.00151 0.0066 0.01655 0.01209 0.00297 0.01684 0.00619 0.00444 0.00127 0.00677 0.00432 0.00368 0.00139 0.00526 0.00279 0.00353 0.00048 0 0 0.01011 0 0.03396 0.02373 0.01237 0.09018 0.01314 0.02015 0.01651 0.05172 0.01705 0.02088 0.02105 0.056 0.01703 0.02191 0.01871 0.04051 0.01421 0.00586 0 0 0.00891 0 0.00359 0.00523 0.00523 0 0 0.0035 0 0.00667 0 0 0.00631 0.02187 0.00893 0.01707 0.01615 0.0081 0.00787 0.0114 0.01138 0.01249 0.00752 0.00848 0 0 0 0 0 0.00228 0 0 0 0.00102 0.00251 0 0.00628 0 0.00025 0.00311 0.0018 0 0 0.00357 0.00772
**MAXLIK_RESIDUALS	 -0.0033 0.00864 0.00681 -0.00278 -0.00323 -0.00153 0.00683 0.00019 -0.00059 -0.00256 0.00697 0.00187 4e-04 0.0091 0.0055 0.00011 -0.00195 -0.00021 0.0072 -0.00253 0.00416 0.00056 0.00709 -0.00102 0.00145 0.00071 0.00376 0 0 0.01108 0 -6e-05 -0.00678 0.00034 -0.01391 0.00381 0.00527 0.00891 0.02879 0.01261 0.00031 -0.0041 0.00756 -0.00855 -0.00072 -0.006 -0.00661 0.00698 -0.00162 0 0 -0.00043 0 0.00065 0.00748 -0.00099 0 0 0.00073 0 -0.00244 0 0 -0.00207 -0.0134 -0.00045 0.00412 0.01351 -0.00386 6e-04 0.01403 -0.00714 -0.00825 0.00519 0.0127 0 0 0 0 0 0.00196 0 0 0 0.00322 0.00596 0 0.00643 0 0.00399 0.00112 0.00243 0 0 0.00067 -0.00348
**Goodness_of_fit	 0.648
**Cosine_Similarity	 0.942

