#####SIGNATURE DECOMPOSITION REPORT
###./uploads/ROP-20-ExC85-xgenV2_S16.recode.YJqifIJ7TW_whole_sig.txt	./uploads/ROP-20-ExC85-xgenV2_S16.recode.YJqifIJ7TW_whole_sig.txt
**NUM_MUTATIONS 202
**MUT_SUBCLASSES AC>AA AC>AC AC>AG AC>AT CC>AA CC>AC CC>AG CC>AT GC>AA GC>AC GC>AG GC>AT TC>AA TC>AC TC>AG TC>AT AC>GA AC>GC AC>GG AC>GT CC>GA CC>GC CC>GG CC>GT GC>GA GC>GC GC>GG GC>GT TC>GA TC>GC TC>GG TC>GT AC>TA AC>TC AC>TG AC>TT CC>TA CC>TC CC>TG CC>TT GC>TA GC>TC GC>TG GC>TT TC>TA TC>TC TC>TG TC>TT AT>AA AT>AC AT>AG AT>AT CT>AA CT>AC CT>AG CT>AT GT>AA GT>AC GT>AG GT>AT TT>AA TT>AC TT>AG TT>AT AT>CA AT>CC AT>CG AT>CT CT>CA CT>CC CT>CG CT>CT GT>CA GT>CC GT>CG GT>CT TT>CA TT>CC TT>CG TT>CT AT>GA AT>GC AT>GG AT>GT CT>GA CT>GC CT>GG CT>GT GT>GA GT>GC GT>GG GT>GT TT>GA TT>GC TT>GG TT>GT
**THIS_SPECTRUM 0.0198 0.01485 0 0.0099 0.02475 0.0099 0.01485 0 0.0099 0.00495 0.00495 0.00495 0.00495 0.0099 0.00495 0.0099 0 0 0.00495 0.0198 0 0.0198 0 0.00495 0.00495 0.00495 0 0.00495 0.00495 0.0198 0 0.0198 0.02475 0.01485 0.08416 0.01485 0.0297 0.0198 0.08911 0.0099 0.0297 0.03465 0.06436 0.01485 0.0099 0 0.06931 0.01485 0.00495 0.0099 0.00495 0.00495 0 0.00495 0 0 0 0.00495 0.00495 0 0 0 0 0 0.01485 0.00495 0.0099 0.01485 0.0099 0.00495 0.01485 0.00495 0.00495 0 0.00495 0.00495 0.0099 0 0.0099 0.02475 0.00495 0 0.0099 0.00495 0 0.00495 0.00495 0.00495 0 0 0.00495 0 0 0 0 0
**THIS_SIGs_NUMBER 2
**THIS_SIGs 1 3
**THIS_SIG_CONTRIBUTIONS 0.61671 0.38329
**MAXLIK_SPECTRUM 0.01534 0.01249 0 0.01008 0.01127 0.01057 0.0013 0 0.00879 0.00771 0.00074 0.00743 0.01202 0.01325 0.00192 0.01567 0 0 0.00239 0.01075 0 0.00562 0 0.01007 0.00494 0.00524 0 0.00742 0.0073 0.009 0 0.01447 0.02505 0.01224 0.10723 0.01346 0.0184 0.01469 0.06029 0.01672 0.02156 0.0199 0.06434 0.01498 0.01234 0 0.04752 0.01244 0.00571 0.00429 0.00455 0.00851 0 0.00605 0 0 0 0.00249 0.00383 0 0 0 0 0 0.01358 0.00739 0.01074 0.01222 0.0056 0.00877 0.00755 0.00871 0.00956 0 0.00541 0.00946 0.00847 0 0.00748 0.00799 0.00188 0 0.00432 0.00464 0 0.00353 0.005 0.00505 0 0 0.00702 0 0 0 0 0
**MAXLIK_RESIDUALS	 0.00446 0.00236 0 -0.00018 0.01349 -0.00067 0.01355 0 0.00111 -0.00276 0.00421 -0.00248 -0.00707 -0.00335 0.00303 -0.00577 0 0 0.00256 0.00905 0 0.01418 0 -0.00512 1e-05 -0.00029 0 -0.00246 -0.00235 0.0108 0 0.00533 -3e-04 0.00261 -0.02307 0.00139 0.0113 0.00512 0.02882 -0.00681 0.00814 0.01476 2e-05 -0.00013 -0.00244 0 0.02178 0.00241 -0.00076 0.00561 4e-04 -0.00356 0 -0.0011 0 0 0 0.00246 0.00112 0 0 0 0 0 0.00127 -0.00244 -0.00084 0.00264 0.0043 -0.00382 0.0073 -0.00376 -0.00461 0 -0.00046 -0.00451 0.00143 0 0.00242 0.01676 0.00307 0 0.00558 0.00031 0 0.00142 -5e-05 -9e-05 0 0 -0.00207 0 0 0 0 0
**Goodness_of_fit	 0.67
**Cosine_Similarity	 0.944

