#####SIGNATURE DECOMPOSITION REPORT
###./uploads/ROP-46-ExC85-xgenV2_S32.recode.YJqifIJ7TW_whole_sig.txt	./uploads/ROP-46-ExC85-xgenV2_S32.recode.YJqifIJ7TW_whole_sig.txt
**NUM_MUTATIONS 252
**MUT_SUBCLASSES AC>AA AC>AC AC>AG AC>AT CC>AA CC>AC CC>AG CC>AT GC>AA GC>AC GC>AG GC>AT TC>AA TC>AC TC>AG TC>AT AC>GA AC>GC AC>GG AC>GT CC>GA CC>GC CC>GG CC>GT GC>GA GC>GC GC>GG GC>GT TC>GA TC>GC TC>GG TC>GT AC>TA AC>TC AC>TG AC>TT CC>TA CC>TC CC>TG CC>TT GC>TA GC>TC GC>TG GC>TT TC>TA TC>TC TC>TG TC>TT AT>AA AT>AC AT>AG AT>AT CT>AA CT>AC CT>AG CT>AT GT>AA GT>AC GT>AG GT>AT TT>AA TT>AC TT>AG TT>AT AT>CA AT>CC AT>CG AT>CT CT>CA CT>CC CT>CG CT>CT GT>CA GT>CC GT>CG GT>CT TT>CA TT>CC TT>CG TT>CT AT>GA AT>GC AT>GG AT>GT CT>GA CT>GC CT>GG CT>GT GT>GA GT>GC GT>GG GT>GT TT>GA TT>GC TT>GG TT>GT
**THIS_SPECTRUM 0.00794 0.01587 0.00397 0 0.00794 0 0.00794 0.00794 0.00397 0.00794 0.00397 0.00397 0 0.0119 0.00397 0.00397 0.01587 0 0 0.00397 0.00794 0.0119 0.01587 0.0119 0.00397 0.01587 0.00397 0.0119 0.02381 0.0119 0.00397 0.03175 0.0119 0.02778 0.09127 0.0119 0.02778 0.01984 0.06746 0.02381 0.02381 0.0119 0.05556 0.0119 0.0119 0.0119 0.03175 0.0119 0.00397 0.01587 0.00397 0.00397 0.00794 0.00397 0.00397 0 0.00397 0.00397 0 0.00794 0.00397 0.00794 0 0.00794 0.03571 0.00794 0.00397 0.0119 0.00794 0.00794 0.0119 0.0119 0.00397 0 0.00794 0.00397 0.00794 0 0.00397 0.00794 0.00794 0.00397 0 0.00794 0 0 0.0119 0.00397 0 0 0 0.00397 0.00794 0.00397 0.0119 0.00397
**THIS_SIGs_NUMBER 3
**THIS_SIGs 1 3 13
**THIS_SIG_CONTRIBUTIONS 0.5315 0.42318 0.04532
**MAXLIK_SPECTRUM 0.0153 0.01246 0.0017 0 0.01153 0 0.00132 0.01011 0.00849 0.00768 0.00073 0.00756 0 0.01375 0.00189 0.01586 0.01129 0 0 0.0116 0.00805 0.00614 0.00205 0.0112 0.00542 0.00546 0.00071 0.00818 0.02048 0.01252 0.00166 0.03047 0.02332 0.01138 0.09276 0.01297 0.01736 0.0135 0.05229 0.01593 0.02022 0.01802 0.05571 0.01397 0.01662 0.0158 0.04139 0.01295 0.00576 0.00443 0.00461 0.00819 0.00385 0.00641 0.00567 0 0.00225 0.00268 0 0.0048 0.00601 0.00495 0 0.00835 0.01294 0.00723 0.01036 0.01212 0.00556 0.0089 0.00729 0.00862 0.00892 0 0.00526 0.00888 0.00818 0 0.00701 0.00789 0.00186 0.00157 0 0.00466 0 0 0.00528 0.00518 0 0 0 0.00342 0.00306 0.0033 0.00577 0.00767
**MAXLIK_RESIDUALS	 -0.00736 0.00342 0.00227 0 -0.00359 0 0.00662 -0.00217 -0.00452 0.00025 0.00324 -0.0036 0 -0.00184 0.00208 -0.0119 0.00459 0 0 -0.00763 -0.00011 0.00576 0.01382 0.00071 -0.00146 0.01041 0.00326 0.00373 0.00332 -0.00062 0.0023 0.00128 -0.01141 0.0164 -0.00149 -0.00107 0.01041 0.00635 0.01517 0.00788 0.00359 -0.00612 -0.00015 -0.00206 -0.00471 -0.0039 -0.00965 -0.00105 -0.00179 0.01144 -0.00064 -0.00422 0.00409 -0.00244 -0.00171 0 0.00172 0.00129 0 0.00314 -0.00204 0.00299 0 -0.00041 0.02278 0.00071 -0.00639 -0.00021 0.00237 -0.00096 0.00461 0.00329 -0.00496 0 0.00268 -0.00491 -0.00025 0 -0.00305 4e-05 0.00608 0.0024 0 0.00327 0 0 0.00662 -0.00121 0 0 0 0.00055 0.00487 0.00066 0.00614 -0.00371
**Goodness_of_fit	 0.656
**Cosine_Similarity	 0.948

