#####SIGNATURE DECOMPOSITION REPORT
###./uploads/ROP-103-ExC85-xgenV2_S69.recode.YJqifIJ7TW_whole_sig.txt	./uploads/ROP-103-ExC85-xgenV2_S69.recode.YJqifIJ7TW_whole_sig.txt
**NUM_MUTATIONS 221
**MUT_SUBCLASSES AC>AA AC>AC AC>AG AC>AT CC>AA CC>AC CC>AG CC>AT GC>AA GC>AC GC>AG GC>AT TC>AA TC>AC TC>AG TC>AT AC>GA AC>GC AC>GG AC>GT CC>GA CC>GC CC>GG CC>GT GC>GA GC>GC GC>GG GC>GT TC>GA TC>GC TC>GG TC>GT AC>TA AC>TC AC>TG AC>TT CC>TA CC>TC CC>TG CC>TT GC>TA GC>TC GC>TG GC>TT TC>TA TC>TC TC>TG TC>TT AT>AA AT>AC AT>AG AT>AT CT>AA CT>AC CT>AG CT>AT GT>AA GT>AC GT>AG GT>AT TT>AA TT>AC TT>AG TT>AT AT>CA AT>CC AT>CG AT>CT CT>CA CT>CC CT>CG CT>CT GT>CA GT>CC GT>CG GT>CT TT>CA TT>CC TT>CG TT>CT AT>GA AT>GC AT>GG AT>GT CT>GA CT>GC CT>GG CT>GT GT>GA GT>GC GT>GG GT>GT TT>GA TT>GC TT>GG TT>GT
**THIS_SPECTRUM 0.00452 0.0181 0.00905 0 0.01357 0 0 0.01357 0.00905 0.00452 0.00905 0.0181 0.02262 0 0.00452 0.0181 0 0.00905 0 0.00905 0 0.00452 0 0 0 0.00452 0 0 0 0.00452 0 0.00905 0.01357 0.0181 0.06335 0.01357 0.02715 0.02262 0.0905 0.02715 0.0362 0.00905 0.1086 0.02715 0.02262 0.0181 0.0543 0.00905 0.00452 0.00452 0 0.00905 0 0 0 0 0 0 0.00905 0 0 0.00452 0 0 0.02262 0.00452 0.02715 0.01357 0.00905 0.00452 0.02715 0.00905 0.01357 0.00452 0.00905 0.00905 0.00452 0.01357 0.00452 0 0 0 0.00452 0.00452 0 0 0.0181 0 0 0 0 0.00452 0 0.00452 0.00452 0.00452
**THIS_SIGs_NUMBER 3
**THIS_SIGs 1 5 6
**THIS_SIG_CONTRIBUTIONS 0.33387 0.34363 0.32251
**MAXLIK_SPECTRUM 0.00939 0.00704 0.00142 0 0.00878 0 0 0.0246 0.00761 0.00697 0.00185 0.00783 0.00971 0 0.00246 0.01323 0 0.00375 0 0.00559 0 0.00286 0 0 0 0.00362 0 0 0 0.00348 0 0.00337 0.02742 0.01442 0.09235 0.01468 0.01754 0.01539 0.06539 0.01554 0.03627 0.04019 0.0823 0.02951 0.011 0.01516 0.04057 0.01016 0.0046 0.0044 0 0.00835 0 0 0 0 0 0 0.00294 0 0 0.00327 0 0 0.01922 0.00863 0.02016 0.01321 0.00829 0.00734 0.01749 0.00985 0.01329 0.00753 0.01022 0.0103 0.01046 0.00763 0.01053 0 0 0 0.00258 0.0033 0 0 0.0046 0 0 0 0 0.00253 0 0.00281 0.00311 0.00826
**MAXLIK_RESIDUALS	 -0.00486 0.01106 0.00763 0 0.00479 0 0 -0.01102 0.00144 -0.00245 0.0072 0.01027 0.01291 0 0.00207 0.00487 0 0.0053 0 0.00346 0 0.00167 0 0 0 0.00091 0 0 0 0.00105 0 0.00568 -0.01385 0.00368 -0.029 -0.00111 0.00961 0.00724 0.02511 0.01161 -7e-05 -0.03114 0.0263 -0.00236 0.01162 0.00294 0.01373 -0.00111 -7e-05 0.00013 0 7e-04 0 0 0 0 0 0 0.00611 0 0 0.00125 0 0 0.00341 -0.00411 0.00699 0.00036 0.00076 -0.00281 0.00966 -8e-04 0.00029 -0.003 -0.00117 -0.00125 -0.00594 0.00595 -0.006 0 0 0 0.00195 0.00122 0 0 0.0135 0 0 0 0 0.00199 0 0.00172 0.00141 -0.00374
**Goodness_of_fit	 0.625
**Cosine_Similarity	 0.93

