#####SIGNATURE DECOMPOSITION REPORT
###./uploads/ROP-58-ExC85-xgenV2_S40.recode.YJqifIJ7TW_whole_sig.txt	./uploads/ROP-58-ExC85-xgenV2_S40.recode.YJqifIJ7TW_whole_sig.txt
**NUM_MUTATIONS 248
**MUT_SUBCLASSES AC>AA AC>AC AC>AG AC>AT CC>AA CC>AC CC>AG CC>AT GC>AA GC>AC GC>AG GC>AT TC>AA TC>AC TC>AG TC>AT AC>GA AC>GC AC>GG AC>GT CC>GA CC>GC CC>GG CC>GT GC>GA GC>GC GC>GG GC>GT TC>GA TC>GC TC>GG TC>GT AC>TA AC>TC AC>TG AC>TT CC>TA CC>TC CC>TG CC>TT GC>TA GC>TC GC>TG GC>TT TC>TA TC>TC TC>TG TC>TT AT>AA AT>AC AT>AG AT>AT CT>AA CT>AC CT>AG CT>AT GT>AA GT>AC GT>AG GT>AT TT>AA TT>AC TT>AG TT>AT AT>CA AT>CC AT>CG AT>CT CT>CA CT>CC CT>CG CT>CT GT>CA GT>CC GT>CG GT>CT TT>CA TT>CC TT>CG TT>CT AT>GA AT>GC AT>GG AT>GT CT>GA CT>GC CT>GG CT>GT GT>GA GT>GC GT>GG GT>GT TT>GA TT>GC TT>GG TT>GT
**THIS_SPECTRUM 0.00806 0.0121 0 0.00403 0.00806 0.00403 0.00806 0.00403 0.02823 0.00403 0.00806 0.00806 0.0121 0.00806 0.00403 0.00806 0.00403 0.00806 0 0 0.01613 0.00806 0.00403 0.00403 0.00403 0.00806 0 0 0 0.00806 0.00403 0.0121 0.0121 0.02823 0.05242 0.01613 0.02419 0.04435 0.05645 0.04032 0.02419 0.03226 0.08065 0.00403 0.02419 0.00806 0.07258 0.0121 0.00403 0.00806 0.00403 0.00403 0 0.00806 0 0 0.00403 0.00806 0 0 0 0 0 0.00403 0.00403 0.0121 0.02419 0.00806 0 0.01613 0.0121 0.00806 0 0.0121 0.00806 0.01613 0.00403 0 0.01613 0.00806 0 0.0121 0 0.00806 0 0.00806 0.00806 0.00806 0.00403 0 0.00806 0.00403 0 0 0 0.00403
**THIS_SIGs_NUMBER 3
**THIS_SIGs 1 3 23
**THIS_SIG_CONTRIBUTIONS 0.49302 0.38217 0.12481
**MAXLIK_SPECTRUM 0.014 0.01139 0 0.00929 0.01045 0.00974 0.00121 0.00926 0.00781 0.00705 0.00068 0.00687 0.01075 0.01194 0.00165 0.01379 0.01006 0.00592 0 0 0.00709 0.00555 0.00185 0.0099 0.00485 0.00495 0 0 0 0.00874 0.00112 0.0141 0.02385 0.02068 0.08715 0.01602 0.02336 0.03565 0.05036 0.03405 0.02511 0.03686 0.05315 0.02621 0.01236 0.01932 0.03847 0.01376 0.0052 0.00399 0.00423 0.00747 0 0.0058 0 0 0.00203 0.00244 0 0 0 0 0 0.00759 0.01198 0.00663 0.00954 0.01109 0 0.0081 0.00672 0.00787 0 0.00591 0.00478 0.00825 0.00746 0 0.00647 0.0072 0 0.00144 0 0.00424 0 0.00328 0.00479 0.00472 0.00163 0 0.00687 0.0031 0 0 0 0.00696
**MAXLIK_RESIDUALS	 -0.00594 0.00071 0 -0.00526 -0.00239 -0.0057 0.00685 -0.00523 0.02042 -0.00302 0.00739 0.0012 0.00135 -0.00387 0.00238 -0.00572 -0.00603 0.00214 0 0 0.00904 0.00251 0.00219 -0.00586 -0.00082 0.00311 0 0 0 -0.00068 0.00292 -0.002 -0.01175 0.00755 -0.03473 0.00011 0.00083 0.00871 0.00609 0.00627 -0.00092 -0.0046 0.02749 -0.02217 0.01184 -0.01125 0.03411 -0.00166 -0.00117 0.00408 -0.00019 -0.00344 0 0.00226 0 0 0.002 0.00562 0 0 0 0 0 -0.00355 -0.00794 0.00546 0.01466 -0.00303 0 0.00802 0.00538 0.00019 0 0.00619 0.00328 0.00788 -0.00343 0 0.00966 0.00086 0 0.01066 0 0.00382 0 0.00478 0.00328 0.00334 0.0024 0 0.00119 0.00094 0 0 0 -0.00292
**Goodness_of_fit	 0.564
**Cosine_Similarity	 0.896

