#####SIGNATURE DECOMPOSITION REPORT
###./uploads/ROP-69-ExC85-xgenV2_S46.recode.YJqifIJ7TW_whole_sig.txt	./uploads/ROP-69-ExC85-xgenV2_S46.recode.YJqifIJ7TW_whole_sig.txt
**NUM_MUTATIONS 228
**MUT_SUBCLASSES AC>AA AC>AC AC>AG AC>AT CC>AA CC>AC CC>AG CC>AT GC>AA GC>AC GC>AG GC>AT TC>AA TC>AC TC>AG TC>AT AC>GA AC>GC AC>GG AC>GT CC>GA CC>GC CC>GG CC>GT GC>GA GC>GC GC>GG GC>GT TC>GA TC>GC TC>GG TC>GT AC>TA AC>TC AC>TG AC>TT CC>TA CC>TC CC>TG CC>TT GC>TA GC>TC GC>TG GC>TT TC>TA TC>TC TC>TG TC>TT AT>AA AT>AC AT>AG AT>AT CT>AA CT>AC CT>AG CT>AT GT>AA GT>AC GT>AG GT>AT TT>AA TT>AC TT>AG TT>AT AT>CA AT>CC AT>CG AT>CT CT>CA CT>CC CT>CG CT>CT GT>CA GT>CC GT>CG GT>CT TT>CA TT>CC TT>CG TT>CT AT>GA AT>GC AT>GG AT>GT CT>GA CT>GC CT>GG CT>GT GT>GA GT>GC GT>GG GT>GT TT>GA TT>GC TT>GG TT>GT
**THIS_SPECTRUM 0.00877 0.01316 0 0.00877 0.00877 0.02193 0.00877 0.01754 0.00877 0.00877 0.00439 0.00877 0 0.01316 0 0.00439 0.00439 0 0.00439 0.00877 0.00439 0.00877 0.00877 0.00877 0.00439 0.00877 0 0.00439 0 0.00439 0.00877 0.01754 0.03509 0.02193 0.08333 0.00439 0.02632 0.01754 0.05263 0.02632 0.00877 0.01754 0.08772 0.01754 0.01316 0.02193 0.04386 0.01316 0.00877 0.00439 0 0 0.00439 0.00439 0.00439 0 0.00439 0.00877 0.00877 0.00439 0.00439 0.00439 0.00439 0 0.00439 0.00439 0.02193 0.00439 0 0.00439 0.00877 0.02632 0.01316 0.00439 0.01316 0.01316 0 0.00439 0.02193 0.00877 0.00439 0.00439 0.00439 0 0 0.00439 0.00439 0.01754 0.00439 0 0 0.00439 0 0.00439 0 0.00439
**THIS_SIGs_NUMBER 2
**THIS_SIGs 1 3
**THIS_SIG_CONTRIBUTIONS 0.5762 0.4238
**MAXLIK_SPECTRUM 0.01579 0.01285 0 0.01049 0.01176 0.01091 0.00135 0.01038 0.00885 0.00791 0.00075 0.00775 0 0.01347 0 0.01571 0.01121 0 0.00258 0.01157 0.00787 0.00614 0.00206 0.01099 0.0054 0.00554 0 0.0081 0 0.00973 0.00125 0.01566 0.02458 0.01202 0.10042 0.01355 0.01814 0.01428 0.05656 0.01667 0.02121 0.01913 0.06019 0.01469 0.01211 0.01592 0.04452 0.0123 0.00589 0.00449 0 0 0.00389 0.00649 0.00573 0 0.00228 0.0027 0.00411 0.00489 0.00625 0.00501 0.00341 0 0.01354 0.00751 0.01081 0.01253 0 0.00914 0.00761 0.00893 0.00938 0.00669 0.00545 0.00933 0 0.00744 0.00739 0.00817 0.00191 0.00165 0.00464 0 0 0.00368 0.00536 0.00529 0.00181 0 0 0.00346 0 0.00335 0 0.00783
**MAXLIK_RESIDUALS	 -0.00702 0.00031 0 -0.00171 -0.00299 0.01102 0.00743 0.00716 -8e-05 0.00086 0.00364 0.00103 0 -0.00031 0 -0.01133 -0.00682 0 0.00181 -0.0028 -0.00349 0.00263 0.00671 -0.00221 -0.00101 0.00323 0 -0.00372 0 -0.00534 0.00752 0.00188 0.01051 0.00991 -0.01708 -0.00916 0.00817 0.00326 -0.00393 0.00964 -0.01244 -0.00159 0.02753 0.00285 0.00104 0.00601 -0.00066 0.00086 0.00288 -1e-04 0 0 5e-04 -0.0021 -0.00135 0 0.00211 0.00607 0.00466 -0.00051 -0.00186 -0.00062 0.00098 0 -0.00916 -0.00312 0.01112 -0.00814 0 -0.00476 0.00116 0.01739 0.00377 -0.0023 0.00771 0.00383 0 -0.00306 0.01454 6e-04 0.00247 0.00274 -0.00025 0 0 0.00071 -0.00097 0.01226 0.00257 0 0 0.00093 0 0.00103 0 -0.00345
**Goodness_of_fit	 0.63
**Cosine_Similarity	 0.939

