#####SIGNATURE DECOMPOSITION REPORT
###./uploads/ROP-133-ExC85-xgenV2_S95.recode.YJqifIJ7TW_whole_sig.txt	./uploads/ROP-133-ExC85-xgenV2_S95.recode.YJqifIJ7TW_whole_sig.txt
**NUM_MUTATIONS 504
**MUT_SUBCLASSES AC>AA AC>AC AC>AG AC>AT CC>AA CC>AC CC>AG CC>AT GC>AA GC>AC GC>AG GC>AT TC>AA TC>AC TC>AG TC>AT AC>GA AC>GC AC>GG AC>GT CC>GA CC>GC CC>GG CC>GT GC>GA GC>GC GC>GG GC>GT TC>GA TC>GC TC>GG TC>GT AC>TA AC>TC AC>TG AC>TT CC>TA CC>TC CC>TG CC>TT GC>TA GC>TC GC>TG GC>TT TC>TA TC>TC TC>TG TC>TT AT>AA AT>AC AT>AG AT>AT CT>AA CT>AC CT>AG CT>AT GT>AA GT>AC GT>AG GT>AT TT>AA TT>AC TT>AG TT>AT AT>CA AT>CC AT>CG AT>CT CT>CA CT>CC CT>CG CT>CT GT>CA GT>CC GT>CG GT>CT TT>CA TT>CC TT>CG TT>CT AT>GA AT>GC AT>GG AT>GT CT>GA CT>GC CT>GG CT>GT GT>GA GT>GC GT>GG GT>GT TT>GA TT>GC TT>GG TT>GT
**THIS_SPECTRUM 0.00198 0.00397 0.00397 0.00595 0.00794 0.00794 0.00198 0 0.00794 0.00992 0.00397 0.00595 0 0.00794 0.00397 0.00198 0 0.00595 0.00198 0.00595 0.00397 0.00198 0.00595 0.00794 0 0.00794 0.00198 0.00992 0.00397 0.00198 0 0.00992 0.00992 0.00794 0.03571 0 0.01984 0.00992 0.04167 0.00794 0.00992 0.00595 0.04762 0.0119 0.00794 0.01587 0.03175 0.0119 0 0.00198 0.00794 0 0 0.00397 0.00198 0.01786 0.00198 0.00397 0.00198 0.00595 0.00198 0.00198 0.00198 0.00198 0.00198 0.00794 0.01587 0.00397 0.00198 0.03968 0.04365 0.05754 0.00595 0.00595 0.0119 0.0119 0.00198 0.00794 0.00198 0.00992 0 0.00595 0.00198 0.02381 0 0.01984 0.00794 0.15873 0 0.00397 0.00198 0.03373 0 0.00992 0.00198 0.02381
**THIS_SIGs_NUMBER 4
**THIS_SIGs 1 3 6 17
**THIS_SIG_CONTRIBUTIONS 0.11439 0.11827 0.18004 0.5873
**MAXLIK_SPECTRUM 0.00527 0.00387 0.00051 0.00485 0.0054 0.00729 0.00215 0 0.00636 0.00375 0.00131 0.00534 0 0.00452 0.0019 0.00766 0 0.0029 0.00071 0.0042 0.00327 0.0021 0.00055 0.0036 0 0.00213 2e-04 0.0036 0.00234 0.00304 0 0.00592 0.0166 0.00811 0.04183 0 0.01811 0.00717 0.03531 0.01109 0.01773 0.01819 0.04051 0.01326 0.0135 0.01468 0.02549 0.01528 0 0.00284 0.00183 0 0 0.0082 0.0043 0.02074 0.00061 0.00274 0.00328 0.00392 0.00193 0.00296 0.00091 0.0046 0.00607 0.00756 0.00906 0.00533 0.00689 0.02632 0.02346 0.0626 0.0043 0.00828 0.00609 0.00765 0.00407 0.00899 0.00707 0.00675 0 0.00448 0.0034 0.01988 0 0.01329 0.01022 0.15645 0 0.00618 0.00506 0.03885 0 0.00686 0.0044 0.03738
**MAXLIK_RESIDUALS	 -0.00329 1e-04 0.00345 0.00111 0.00254 0.00065 -0.00016 0 0.00158 0.00618 0.00266 0.00061 0 0.00342 0.00207 -0.00568 0 0.00305 0.00128 0.00176 7e-04 -0.00011 0.0054 0.00434 0 0.00581 0.00178 0.00632 0.00163 -0.00106 0 0.004 -0.00668 -0.00017 -0.00611 0 0.00173 0.00275 0.00636 -0.00315 -0.00781 -0.01223 0.00711 -0.00135 -0.00556 0.00119 0.00625 -0.00338 0 -0.00086 0.00611 0 0 -0.00423 -0.00231 -0.00289 0.00138 0.00123 -0.00129 0.00203 5e-05 -0.00098 0.00107 -0.00262 -0.00408 0.00038 0.00682 -0.00136 -0.00491 0.01336 0.02019 -0.00506 0.00165 -0.00232 0.00581 0.00425 -0.00208 -0.00105 -0.00508 0.00318 0 0.00147 -0.00142 0.00393 0 0.00656 -0.00228 0.00228 0 -0.00221 -0.00308 -0.00512 0 0.00306 -0.00241 -0.01357
**Goodness_of_fit	 0.701
**Cosine_Similarity	 0.978

