#####SIGNATURE DECOMPOSITION REPORT
###./uploads/ROP-100-ExC85-xgenV2_S67.recode.YJqifIJ7TW_whole_sig.txt	./uploads/ROP-100-ExC85-xgenV2_S67.recode.YJqifIJ7TW_whole_sig.txt
**NUM_MUTATIONS 195
**MUT_SUBCLASSES AC>AA AC>AC AC>AG AC>AT CC>AA CC>AC CC>AG CC>AT GC>AA GC>AC GC>AG GC>AT TC>AA TC>AC TC>AG TC>AT AC>GA AC>GC AC>GG AC>GT CC>GA CC>GC CC>GG CC>GT GC>GA GC>GC GC>GG GC>GT TC>GA TC>GC TC>GG TC>GT AC>TA AC>TC AC>TG AC>TT CC>TA CC>TC CC>TG CC>TT GC>TA GC>TC GC>TG GC>TT TC>TA TC>TC TC>TG TC>TT AT>AA AT>AC AT>AG AT>AT CT>AA CT>AC CT>AG CT>AT GT>AA GT>AC GT>AG GT>AT TT>AA TT>AC TT>AG TT>AT AT>CA AT>CC AT>CG AT>CT CT>CA CT>CC CT>CG CT>CT GT>CA GT>CC GT>CG GT>CT TT>CA TT>CC TT>CG TT>CT AT>GA AT>GC AT>GG AT>GT CT>GA CT>GC CT>GG CT>GT GT>GA GT>GC GT>GG GT>GT TT>GA TT>GC TT>GG TT>GT
**THIS_SPECTRUM 0.00513 0.01026 0.01026 0.00513 0 0.00513 0.01026 0.00513 0.01538 0 0.00513 0.00513 0.01538 0.00513 0.01026 0.01538 0.01026 0 0.00513 0.01026 0.01026 0.01026 0.00513 0 0.01026 0 0 0.01026 0 0.01026 0.00513 0.01026 0.02051 0.01538 0.07692 0.01538 0.01538 0.02051 0.09231 0.01538 0.00513 0.00513 0.08718 0.02051 0.02051 0.02564 0.06667 0.01538 0.00513 0.00513 0.01026 0 0 0.01026 0 0.01026 0 0 0 0 0.00513 0 0 0.01026 0.01026 0 0.02051 0.01538 0 0.02051 0.01538 0.01026 0.01538 0.02051 0.01026 0 0 0.00513 0.00513 0.01026 0 0.00513 0 0.00513 0.00513 0.00513 0 0 0 0.00513 0.00513 0.00513 0 0.00513 0.00513 0
**THIS_SIGs_NUMBER 2
**THIS_SIGs 1 3
**THIS_SIG_CONTRIBUTIONS 0.63741 0.36259
**MAXLIK_SPECTRUM 0.01511 0.01231 0.00173 0.00987 0 0.01039 0.00128 0.00992 0.00876 0 0.00073 0.00727 0.01203 0.01314 0.00194 0.01565 0.00985 0 0.00229 0.01033 0.00692 0.00535 0.00184 0 0.0047 0 0 0.00706 0 0.00862 0.00111 0.01386 0.02529 0.01236 0.1107 0.01341 0.01854 0.01489 0.0622 0.01674 0.02175 0.02029 0.06646 0.01512 0.01246 0.01618 0.04906 0.01251 0.00562 0.00418 0.00446 0 0 0.00583 0 0.00736 0 0 0 0 0.00616 0 0 0.00787 0.0136 0 0.01071 0.01206 0 0.00858 0.00752 0.00861 0.00965 0.00673 0.00538 0 0 0.00707 0.00752 0.0079 0 0.00167 0 0.00456 0.00091 0.00345 0 0 0 0.00176 0.0067 0.00307 0 0.00306 0.00531 0
**MAXLIK_RESIDUALS	 -0.00999 -0.00206 0.00853 -0.00474 0 -0.00527 0.00898 -0.00479 0.00662 0 0.0044 -0.00214 0.00335 -0.00801 0.00831 -0.00026 0.00041 0 0.00284 -7e-05 0.00333 0.0049 0.00329 0 0.00555 0 0 0.00319 0 0.00163 0.00402 -0.0036 -0.00478 0.00303 -0.03378 0.00197 -0.00315 0.00562 0.03011 -0.00135 -0.01662 -0.01516 0.02072 0.00539 0.00806 0.00947 0.0176 0.00288 -0.00049 0.00094 0.0058 0 0 0.00443 0 0.0029 0 0 0 0 -0.00103 0 0 0.00238 -0.00334 0 0.0098 0.00333 0 0.01193 0.00786 0.00165 0.00573 0.01378 0.00487 0 0 -0.00194 -0.0024 0.00236 0 0.00346 0 0.00057 0.00422 0.00168 0 0 0 0.00337 -0.00157 0.00206 0 0.00207 -0.00018 0
**Goodness_of_fit	 0.604
**Cosine_Similarity	 0.928

