#####SIGNATURE DECOMPOSITION REPORT
###./uploads/ROP-113-ExC85-xgenV2_S76.recode.YJqifIJ7TW_whole_sig.txt	./uploads/ROP-113-ExC85-xgenV2_S76.recode.YJqifIJ7TW_whole_sig.txt
**NUM_MUTATIONS 137
**MUT_SUBCLASSES AC>AA AC>AC AC>AG AC>AT CC>AA CC>AC CC>AG CC>AT GC>AA GC>AC GC>AG GC>AT TC>AA TC>AC TC>AG TC>AT AC>GA AC>GC AC>GG AC>GT CC>GA CC>GC CC>GG CC>GT GC>GA GC>GC GC>GG GC>GT TC>GA TC>GC TC>GG TC>GT AC>TA AC>TC AC>TG AC>TT CC>TA CC>TC CC>TG CC>TT GC>TA GC>TC GC>TG GC>TT TC>TA TC>TC TC>TG TC>TT AT>AA AT>AC AT>AG AT>AT CT>AA CT>AC CT>AG CT>AT GT>AA GT>AC GT>AG GT>AT TT>AA TT>AC TT>AG TT>AT AT>CA AT>CC AT>CG AT>CT CT>CA CT>CC CT>CG CT>CT GT>CA GT>CC GT>CG GT>CT TT>CA TT>CC TT>CG TT>CT AT>GA AT>GC AT>GG AT>GT CT>GA CT>GC CT>GG CT>GT GT>GA GT>GC GT>GG GT>GT TT>GA TT>GC TT>GG TT>GT
**THIS_SPECTRUM 0 0.0146 0 0 0.0073 0.0073 0.0073 0.0146 0 0.0146 0.0073 0.0073 0.0146 0.0146 0.0073 0.0365 0.0073 0 0 0.0073 0.0146 0.0146 0.0073 0 0.0073 0 0 0 0.0073 0.0219 0 0 0.0219 0.0219 0.0365 0.0365 0.0146 0.0219 0.05109 0.0219 0.0073 0.0292 0.08029 0.0146 0.0292 0.0219 0.0146 0.0219 0 0.0146 0.0292 0.0073 0.0073 0 0.0219 0.0073 0.0073 0 0 0 0 0.0073 0.0219 0 0.0073 0.0073 0.0219 0.0073 0.0073 0.0073 0.0292 0.0073 0 0 0 0.0219 0 0.0073 0 0.0073 0 0 0 0.0073 0 0.0073 0.0073 0.0219 0 0 0 0.0073 0 0 0.0073 0
**THIS_SIGs_NUMBER 2
**THIS_SIGs 5 6
**THIS_SIG_CONTRIBUTIONS 0.66234 0.33766
**MAXLIK_SPECTRUM 0 0.00688 0 0 0.00982 0.01142 0.00493 0.02657 0 0.00808 0.00257 0.00976 0.01036 0.00896 0.00296 0.01404 0.00817 0 0 0.00835 0.00499 0.00506 0.00173 0 0.00368 0 0 0 0.00178 0.00532 0 0 0.025 0.01395 0.04176 0.01595 0.01795 0.01494 0.03894 0.01647 0.03532 0.03804 0.05395 0.03061 0.00978 0.01594 0.01819 0.00939 0 0.00602 0.00762 0.0092 0.00337 0 0.00723 0.00685 0.00446 0 0 0 0 0.0048 0.00473 0 0.02596 0.01101 0.02617 0.01886 0.01152 0.00962 0.02153 0.01373 0 0 0 0.0118 0 0.01058 0 0.01249 0 0 0 0.00351 0 0.00365 0.00642 0.01051 0 0 0 0.00337 0 0 0.00438 0
**MAXLIK_RESIDUALS	 0 0.00772 0 0 -0.00252 -0.00412 0.00237 -0.01198 0 0.00651 0.00473 -0.00246 0.00424 0.00564 0.00434 0.02245 -0.00087 0 0 -0.00106 0.00961 0.00954 0.00557 0 0.00362 0 0 0 0.00552 0.01658 0 0 -0.0031 0.00795 -0.00526 0.02055 -0.00335 0.00696 0.01215 0.00543 -0.02802 -0.00884 0.02634 -0.01601 0.01941 0.00596 -0.00359 0.0125 0 0.00858 0.02157 -0.0019 0.00393 0 0.01467 0.00045 0.00283 0 0 0 0 0.0025 0.01717 0 -0.01866 -0.00371 -0.00427 -0.01156 -0.00423 -0.00232 0.00767 -0.00644 0 0 0 0.0101 0 -0.00328 0 -0.00519 0 0 0 0.00379 0 0.00364 0.00088 0.01139 0 0 0 0.00393 0 0 0.00292 0
**Goodness_of_fit	 0.506
**Cosine_Similarity	 0.865

