#####SIGNATURE DECOMPOSITION REPORT
###./uploads/ROP-1-ExC85-xgenV2_S7.recode.YJqifIJ7TW_whole_sig.txt	./uploads/ROP-1-ExC85-xgenV2_S7.recode.YJqifIJ7TW_whole_sig.txt
**NUM_MUTATIONS 305
**MUT_SUBCLASSES AC>AA AC>AC AC>AG AC>AT CC>AA CC>AC CC>AG CC>AT GC>AA GC>AC GC>AG GC>AT TC>AA TC>AC TC>AG TC>AT AC>GA AC>GC AC>GG AC>GT CC>GA CC>GC CC>GG CC>GT GC>GA GC>GC GC>GG GC>GT TC>GA TC>GC TC>GG TC>GT AC>TA AC>TC AC>TG AC>TT CC>TA CC>TC CC>TG CC>TT GC>TA GC>TC GC>TG GC>TT TC>TA TC>TC TC>TG TC>TT AT>AA AT>AC AT>AG AT>AT CT>AA CT>AC CT>AG CT>AT GT>AA GT>AC GT>AG GT>AT TT>AA TT>AC TT>AG TT>AT AT>CA AT>CC AT>CG AT>CT CT>CA CT>CC CT>CG CT>CT GT>CA GT>CC GT>CG GT>CT TT>CA TT>CC TT>CG TT>CT AT>GA AT>GC AT>GG AT>GT CT>GA CT>GC CT>GG CT>GT GT>GA GT>GC GT>GG GT>GT TT>GA TT>GC TT>GG TT>GT
**THIS_SPECTRUM 0.00656 0.00328 0 0.00328 0.00984 0.00656 0.00328 0.00984 0.00656 0.01311 0.01639 0.00984 0.00984 0.00656 0.00328 0.01967 0.00656 0.00984 0 0.00328 0 0.00656 0.00328 0.00656 0 0 0.00328 0 0.00656 0.00328 0 0.00984 0.01639 0.01967 0.07541 0.00328 0.02295 0.01311 0.1082 0.00656 0.00984 0.01311 0.08197 0.02295 0.01639 0.01311 0.05574 0.02623 0 0.00984 0.00328 0 0 0 0.00328 0.00984 0.00656 0.00328 0 0.00328 0 0.00328 0.00328 0.02295 0.00656 0.00328 0.03279 0.02951 0.00656 0.00984 0.01311 0.01311 0.00656 0.00328 0.01311 0.00984 0.00656 0.00656 0 0.01639 0 0 0.00328 0.00328 0.00328 0.00328 0.00984 0 0 0.00328 0.00656 0.01311 0 0.00328 0 0.01311
**THIS_SIGs_NUMBER 5
**THIS_SIGs 1 2 6 9 25
**THIS_SIG_CONTRIBUTIONS 0.4616 0.02714 0.18068 0.23341 0.09717
**MAXLIK_SPECTRUM 0.00921 0.00699 0 0.0053 0.00862 0.00984 0.00218 0.01699 0.00831 0.00649 0.00073 0.00664 0.01223 0.00785 0.00129 0.01834 0.00297 0.00211 0 0.00293 0 0.00125 0.00031 0.00161 0 0 4e-05 0 0.0036 0.00189 0 0.00603 0.02367 0.01221 0.10056 0.01094 0.01527 0.01261 0.06343 0.0133 0.02591 0.02884 0.07508 0.02103 0.02167 0.01418 0.04591 0.01686 0 0.00354 0.00351 0 0 0 0.00814 0.00639 0.00454 0.00201 0 0.00416 0 0.00203 0.00476 0.00663 0.0157 0.00729 0.01466 0.0119 0.00753 0.00696 0.01302 0.011 0.01122 0.00696 0.00787 0.01002 0.00985 0.0068 0 0.01229 0 0 0.00268 0.00649 0.0052 0.00347 0.00573 0 0 0.00052 0.00274 0.00559 0 0.00289 0 0.01665
**MAXLIK_RESIDUALS	 -0.00265 -0.00371 0 -0.00202 0.00122 -0.00328 0.0011 -0.00715 -0.00175 0.00663 0.01566 0.0032 -0.00239 -0.0013 0.00198 0.00134 0.00358 0.00772 0 0.00035 0 0.00531 0.00296 0.00495 0 0 0.00324 0 0.00296 0.00139 0 0.00381 -0.00728 0.00746 -0.02515 -0.00766 0.00768 5e-04 0.04477 -0.00675 -0.01607 -0.01573 0.00689 0.00192 -0.00528 -0.00107 0.00983 0.00937 0 0.0063 -0.00023 0 0 0 -0.00486 0.00345 0.00202 0.00126 0 -0.00088 0 0.00125 -0.00148 0.01632 -0.00915 -0.00402 0.01813 0.01761 -0.00098 0.00288 1e-04 0.00211 -0.00466 -0.00368 0.00524 -0.00018 -0.00329 -0.00025 0 0.0041 0 0 6e-04 -0.00321 -0.00192 -0.00019 0.0041 0 0 0.00275 0.00381 0.00752 0 0.00039 0 -0.00353
**Goodness_of_fit	 0.592
**Cosine_Similarity	 0.922

