#####SIGNATURE DECOMPOSITION REPORT
###./uploads/ROP-95-ExC85-xgenV2_S63.recode.YJqifIJ7TW_whole_sig.txt	./uploads/ROP-95-ExC85-xgenV2_S63.recode.YJqifIJ7TW_whole_sig.txt
**NUM_MUTATIONS 266
**MUT_SUBCLASSES AC>AA AC>AC AC>AG AC>AT CC>AA CC>AC CC>AG CC>AT GC>AA GC>AC GC>AG GC>AT TC>AA TC>AC TC>AG TC>AT AC>GA AC>GC AC>GG AC>GT CC>GA CC>GC CC>GG CC>GT GC>GA GC>GC GC>GG GC>GT TC>GA TC>GC TC>GG TC>GT AC>TA AC>TC AC>TG AC>TT CC>TA CC>TC CC>TG CC>TT GC>TA GC>TC GC>TG GC>TT TC>TA TC>TC TC>TG TC>TT AT>AA AT>AC AT>AG AT>AT CT>AA CT>AC CT>AG CT>AT GT>AA GT>AC GT>AG GT>AT TT>AA TT>AC TT>AG TT>AT AT>CA AT>CC AT>CG AT>CT CT>CA CT>CC CT>CG CT>CT GT>CA GT>CC GT>CG GT>CT TT>CA TT>CC TT>CG TT>CT AT>GA AT>GC AT>GG AT>GT CT>GA CT>GC CT>GG CT>GT GT>GA GT>GC GT>GG GT>GT TT>GA TT>GC TT>GG TT>GT
**THIS_SPECTRUM 0 0.00376 0 0.00376 0.00752 0.00752 0.00376 0.01128 0.00376 0.01504 0.00752 0.00376 0.00752 0.0188 0 0.0188 0.01128 0 0.00376 0 0.00376 0.00376 0.00752 0 0.00376 0.00376 0.00376 0.00752 0 0.00376 0 0.01128 0.00752 0.00376 0.12782 0.0188 0.00752 0.01128 0.11278 0.02256 0.02256 0.02256 0.12406 0.0188 0.03383 0.01504 0.07143 0.00376 0 0.00376 0.00376 0 0.00376 0 0.00376 0.00752 0 0.00752 0.00376 0 0 0 0 0.00376 0.02256 0.00752 0.00376 0.01128 0 0.01128 0 0.01128 0 0.00376 0.01504 0 0.00752 0.01128 0.00376 0.01128 0 0 0 0.00376 0 0.00752 0.01504 0.00376 0 0 0 0.00376 0 0.00376 0.00376 0
**THIS_SIGs_NUMBER 6
**THIS_SIGs 1 2 6 13 24 27
**THIS_SIG_CONTRIBUTIONS 0.71278 0.02131 0.19497 0.02489 0.04605 0
**MAXLIK_SPECTRUM 0 0.00803 0 0.00597 0.00965 0.01152 0.00345 0.01722 0.00886 0.01032 0.003 0.00721 0.01203 0.01197 0 0.01413 0.00219 0 0.00043 0 0.00167 0.00127 0.00041 0 0.00069 0.00274 0.00026 0.00118 0 0.00345 0 0.01219 0.02761 0.01362 0.14027 0.01213 0.01724 0.01522 0.08594 0.01428 0.03181 0.03527 0.1006 0.02377 0.02478 0.01658 0.06321 0.01655 0 0.00236 0.00231 0 0.001 0 0.00155 0.00191 0 0.00118 0.00099 0 0 0 0 0.003 0.01164 0.00561 0.0116 0.00741 0 0.00474 0 0.00551 0 0.00647 0.00582 0 0.007 0.00427 0.00803 0.00506 0 0 0 0.00288 0 0.00238 0.00213 0.00377 0 0 0 0.00129 0 0.0013 0.00173 0
**MAXLIK_RESIDUALS	 0 -0.00427 0 -0.00222 -0.00214 -0.004 0.00031 -0.00594 -0.0051 0.00472 0.00452 -0.00345 -0.00451 0.00683 0 0.00467 0.00909 0 0.00333 0 0.00209 0.00249 0.00711 0 0.00307 0.00102 0.0035 0.00634 0 0.00031 0 -0.00091 -0.02009 -0.00986 -0.01245 0.00667 -0.00972 -0.00394 0.02685 0.00827 -0.00925 -0.01271 0.02346 -0.00497 0.00905 -0.00155 0.00822 -0.01279 0 0.0014 0.00145 0 0.00276 0 0.00221 0.0056 0 0.00634 0.00277 0 0 0 0 0.00076 0.01092 0.00191 -0.00784 0.00387 0 0.00654 0 0.00576 0 -0.00271 0.00922 0 0.00051 0.00701 -0.00427 0.00622 0 0 0 0.00088 0 0.00514 0.01291 -1e-05 0 0 0 0.00247 0 0.00246 0.00203 0
**Goodness_of_fit	 0.612
**Cosine_Similarity	 0.965

