#####SIGNATURE DECOMPOSITION REPORT
###./uploads/ROP-45-ExC85-xgenV2_S31.recode.YJqifIJ7TW_whole_sig.txt	./uploads/ROP-45-ExC85-xgenV2_S31.recode.YJqifIJ7TW_whole_sig.txt
**NUM_MUTATIONS 260
**MUT_SUBCLASSES AC>AA AC>AC AC>AG AC>AT CC>AA CC>AC CC>AG CC>AT GC>AA GC>AC GC>AG GC>AT TC>AA TC>AC TC>AG TC>AT AC>GA AC>GC AC>GG AC>GT CC>GA CC>GC CC>GG CC>GT GC>GA GC>GC GC>GG GC>GT TC>GA TC>GC TC>GG TC>GT AC>TA AC>TC AC>TG AC>TT CC>TA CC>TC CC>TG CC>TT GC>TA GC>TC GC>TG GC>TT TC>TA TC>TC TC>TG TC>TT AT>AA AT>AC AT>AG AT>AT CT>AA CT>AC CT>AG CT>AT GT>AA GT>AC GT>AG GT>AT TT>AA TT>AC TT>AG TT>AT AT>CA AT>CC AT>CG AT>CT CT>CA CT>CC CT>CG CT>CT GT>CA GT>CC GT>CG GT>CT TT>CA TT>CC TT>CG TT>CT AT>GA AT>GC AT>GG AT>GT CT>GA CT>GC CT>GG CT>GT GT>GA GT>GC GT>GG GT>GT TT>GA TT>GC TT>GG TT>GT
**THIS_SPECTRUM 0.01154 0.01154 0.00385 0.00769 0.02692 0.00385 0.00769 0.00769 0 0.00769 0.00769 0.00769 0.01154 0.01154 0.00385 0.01154 0 0.00385 0.00385 0.01154 0.01154 0.00769 0.00769 0.00769 0.00769 0 0.01538 0 0.00385 0.01923 0.01154 0.00769 0.01923 0.01154 0.04615 0.01154 0.00385 0.03462 0.06154 0.01538 0.01154 0.01923 0.10769 0.01538 0.01538 0.02308 0.05385 0.00769 0.00385 0.01154 0.00769 0.00385 0.00769 0.00385 0.00385 0.00769 0 0.00385 0 0 0 0 0 0.00385 0.01154 0.01154 0.02308 0.01538 0.02692 0.01154 0.01538 0.01154 0.00769 0 0 0.00769 0.00769 0.00385 0.01154 0.00385 0 0.00385 0.00385 0 0 0 0.01154 0.00385 0.00385 0.00385 0.00769 0.00769 0 0 0.00385 0.00385
**THIS_SIGs_NUMBER 3
**THIS_SIGs 1 3 15
**THIS_SIG_CONTRIBUTIONS 0.40486 0.38712 0.20802
**MAXLIK_SPECTRUM 0.01335 0.01145 0.00143 0.01001 0.01215 0.01082 0.00143 0.01335 0 0.00859 0.00088 0.01296 0.01066 0.01224 0.00197 0.01552 0 0.00577 0.00241 0.01042 0.00722 0.00558 0.0019 0.01022 0.00531 0 0.00077 0 0.00716 0.00918 0.0011 0.01424 0.0213 0.01276 0.0773 0.01221 0.01509 0.01263 0.04328 0.01515 0.02624 0.04215 0.08045 0.02791 0.01163 0.01564 0.03359 0.01114 0.00533 0.00569 0.00417 0.00842 0.00374 0.00659 0.00562 0.0074 0 0.00319 0 0 0 0 0 0.00737 0.01307 0.00762 0.01016 0.01163 0.00541 0.00875 0.00876 0.00807 0.01126 0 0 0.00918 0.00821 0.00827 0.00655 0.00768 0 0.00141 0.00432 0 0 0 0.00484 0.00543 0.00164 0.00228 0.0076 0.00701 0 0 0.0053 0.00735
**MAXLIK_RESIDUALS	 -0.00181 8e-05 0.00242 -0.00231 0.01478 -0.00698 0.00626 -0.00566 0 -9e-04 0.00681 -0.00527 0.00088 -7e-04 0.00188 -0.00398 0 -0.00193 0.00144 0.00112 0.00431 0.00211 0.00579 -0.00253 0.00238 0 0.01461 0 -0.00331 0.01005 0.01044 -0.00654 -0.00207 -0.00122 -0.03115 -0.00067 -0.01125 0.02199 0.01826 0.00024 -0.01471 -0.02292 0.02724 -0.01253 0.00375 0.00744 0.02025 -0.00345 -0.00148 0.00585 0.00352 -0.00457 0.00395 -0.00275 -0.00177 0.00029 0 0.00066 0 0 0 0 0 -0.00352 -0.00153 0.00392 0.01292 0.00375 0.02151 0.00279 0.00662 0.00347 -0.00357 0 0 -0.00149 -0.00052 -0.00442 0.00499 -0.00384 0 0.00243 -0.00047 0 0 0 0.00669 -0.00158 0.0022 0.00156 1e-04 0.00068 0 0 -0.00145 -0.0035
**Goodness_of_fit	 0.549
**Cosine_Similarity	 0.896

