#####SIGNATURE DECOMPOSITION REPORT
###./uploads/ROP-92-ExC85-xgenV2_S60.recode.YJqifIJ7TW_whole_sig.txt	./uploads/ROP-92-ExC85-xgenV2_S60.recode.YJqifIJ7TW_whole_sig.txt
**NUM_MUTATIONS 245
**MUT_SUBCLASSES AC>AA AC>AC AC>AG AC>AT CC>AA CC>AC CC>AG CC>AT GC>AA GC>AC GC>AG GC>AT TC>AA TC>AC TC>AG TC>AT AC>GA AC>GC AC>GG AC>GT CC>GA CC>GC CC>GG CC>GT GC>GA GC>GC GC>GG GC>GT TC>GA TC>GC TC>GG TC>GT AC>TA AC>TC AC>TG AC>TT CC>TA CC>TC CC>TG CC>TT GC>TA GC>TC GC>TG GC>TT TC>TA TC>TC TC>TG TC>TT AT>AA AT>AC AT>AG AT>AT CT>AA CT>AC CT>AG CT>AT GT>AA GT>AC GT>AG GT>AT TT>AA TT>AC TT>AG TT>AT AT>CA AT>CC AT>CG AT>CT CT>CA CT>CC CT>CG CT>CT GT>CA GT>CC GT>CG GT>CT TT>CA TT>CC TT>CG TT>CT AT>GA AT>GC AT>GG AT>GT CT>GA CT>GC CT>GG CT>GT GT>GA GT>GC GT>GG GT>GT TT>GA TT>GC TT>GG TT>GT
**THIS_SPECTRUM 0.00408 0.00816 0 0.00816 0.00816 0.01224 0.01224 0.01224 0.01224 0.00408 0.00816 0.01224 0.00816 0.00816 0.00408 0.02857 0.00408 0.00408 0.00408 0.00408 0.00408 0.00408 0 0.00816 0 0.00408 0.00408 0.02041 0.01224 0.00816 0.00408 0 0.02857 0.01224 0.08163 0.02857 0.02041 0.02449 0.1102 0.02449 0.01224 0.02449 0.06939 0.03265 0.02857 0.02041 0.06939 0.01224 0.00408 0 0.00408 0 0 0.00408 0 0 0 0.00408 0.01224 0 0 0 0 0.00408 0.01633 0.01224 0.01224 0.00408 0.00408 0 0.00408 0.00408 0.00408 0.00408 0 0.00408 0.00816 0.00816 0.00408 0.00816 0 0 0 0 0 0.00408 0 0.00816 0 0 0 0 0.00408 0.00408 0.00408 0.00816
**THIS_SIGs_NUMBER 5
**THIS_SIGs 1 3 6 7 10
**THIS_SIG_CONTRIBUTIONS 0.47838 0.21127 0.19144 0.06022 0.05869
**MAXLIK_SPECTRUM 0.01038 0.00878 0 0.00735 0.00931 0.01154 0.00263 0.0185 0.00655 0.00629 9e-04 0.0069 0.0109 0.01013 0.00178 0.03003 0.00621 0.00405 0.0014 0.0067 0.00418 0.00322 0 0.0058 0 0.00383 0.00035 0.00456 0.0043 0.00534 7e-04 0 0.02387 0.01323 0.101 0.01255 0.01928 0.01876 0.06561 0.01825 0.02784 0.03158 0.07703 0.0226 0.01768 0.03122 0.06274 0.01704 0.00388 0 0.00295 0 0 0.00419 0 0 0 0.00199 0.00243 0 0 0 0 0.00561 0.01106 0.00633 0.01167 0.00876 0.00494 0 0.01045 0.00675 0.00955 0.0064 0 0.00871 0.00723 0.00599 0.0078 0.00655 0 0 0 0 0 0.00315 0 0.00596 0 0 0 0 0.00228 0.00288 0.00371 0.00985
**MAXLIK_RESIDUALS	 -0.0063 -0.00061 0 0.00082 -0.00115 7e-04 0.00962 -0.00625 0.0057 -0.00221 0.00726 0.00534 -0.00274 -0.00197 0.0023 -0.00146 -0.00213 3e-05 0.00268 -0.00262 -1e-04 0.00086 0 0.00237 0 0.00025 0.00373 0.01585 0.00795 0.00282 0.00338 0 0.0047 -0.00098 -0.01936 0.01602 0.00113 0.00573 0.0446 0.00624 -0.0156 -0.00709 -0.00765 0.01006 0.01089 -0.01081 0.00664 -0.0048 2e-04 0 0.00113 0 0 -0.00011 0 0 0 0.00209 0.00981 0 0 0 0 -0.00153 0.00527 0.00592 0.00057 -0.00467 -0.00086 0 -0.00637 -0.00267 -0.00547 -0.00232 0 -0.00463 0.00093 0.00218 -0.00372 0.00161 0 0 0 0 0 0.00093 0 0.00221 0 0 0 0 0.0018 0.0012 0.00037 -0.00169
**Goodness_of_fit	 0.658
**Cosine_Similarity	 0.941

