#####SIGNATURE DECOMPOSITION REPORT
###./uploads/ROP-102-ExC85-xgenV2_S68.recode.YJqifIJ7TW_whole_sig.txt	./uploads/ROP-102-ExC85-xgenV2_S68.recode.YJqifIJ7TW_whole_sig.txt
**NUM_MUTATIONS 195
**MUT_SUBCLASSES AC>AA AC>AC AC>AG AC>AT CC>AA CC>AC CC>AG CC>AT GC>AA GC>AC GC>AG GC>AT TC>AA TC>AC TC>AG TC>AT AC>GA AC>GC AC>GG AC>GT CC>GA CC>GC CC>GG CC>GT GC>GA GC>GC GC>GG GC>GT TC>GA TC>GC TC>GG TC>GT AC>TA AC>TC AC>TG AC>TT CC>TA CC>TC CC>TG CC>TT GC>TA GC>TC GC>TG GC>TT TC>TA TC>TC TC>TG TC>TT AT>AA AT>AC AT>AG AT>AT CT>AA CT>AC CT>AG CT>AT GT>AA GT>AC GT>AG GT>AT TT>AA TT>AC TT>AG TT>AT AT>CA AT>CC AT>CG AT>CT CT>CA CT>CC CT>CG CT>CT GT>CA GT>CC GT>CG GT>CT TT>CA TT>CC TT>CG TT>CT AT>GA AT>GC AT>GG AT>GT CT>GA CT>GC CT>GG CT>GT GT>GA GT>GC GT>GG GT>GT TT>GA TT>GC TT>GG TT>GT
**THIS_SPECTRUM 0 0.01026 0.01026 0 0.01538 0.00513 0.00513 0.01538 0.01026 0.00513 0.02051 0.01026 0.00513 0.01538 0.01026 0 0.00513 0 0 0.01026 0.01538 0 0.00513 0.01538 0.00513 0 0.00513 0 0.00513 0 0 0 0.02051 0.01026 0.09744 0.02051 0.04615 0.0359 0.07692 0.02051 0.01538 0.01538 0.09744 0.01026 0.01538 0.03077 0.04615 0.01538 0 0 0 0 0.01026 0.00513 0.00513 0 0 0 0.00513 0.00513 0 0.01026 0 0 0 0.00513 0.02051 0.02051 0 0 0.02051 0.01026 0 0.01538 0.01026 0 0 0.01026 0 0.02564 0 0 0.00513 0 0 0 0.00513 0.01026 0 0.00513 0 0.00513 0.01026 0 0 0
**THIS_SIGs_NUMBER 2
**THIS_SIGs 1 5
**THIS_SIG_CONTRIBUTIONS 0.61548 0.38452
**MAXLIK_SPECTRUM 0 0.00908 0.00177 0 0.00778 0.00642 0.00163 0.00866 0.00964 0.0071 0.00146 0.00671 0.01322 0.0115 0.0029 0 0.0056 0 0 0.00632 0.00369 0 0.00132 0.00447 0.00251 0 0.00042 0 0.00218 0 0 0 0.02656 0.01372 0.11209 0.01411 0.02162 0.01812 0.06377 0.01839 0.02306 0.02365 0.06882 0.01839 0.01315 0.01882 0.04967 0.013 0 0 0 0 0.00267 0.00356 0.00496 0 0 0 0.00336 0.00326 0 0.00386 0 0 0 0.00916 0.01718 0.0162 0 0 0.01152 0.01146 0 0.00799 0.00849 0 0 0.00845 0 0.01053 0 0 0.00296 0 0 0 0.00373 0.00611 0 0.00025 0 0.00176 0.00286 0 0 0
**MAXLIK_RESIDUALS	 0 0.00118 0.00849 0 0.0076 -0.0013 0.0035 0.00673 0.00062 -0.00197 0.01905 0.00355 -0.00809 0.00388 0.00736 0 -0.00047 0 0 0.00393 0.0117 0 0.00381 0.01091 0.00262 0 0.0047 0 0.00294 0 0 0 -0.00605 -0.00346 -0.01465 0.00641 0.02454 0.01778 0.01315 0.00212 -0.00767 -0.00826 0.02862 -0.00813 0.00224 0.01195 -0.00352 0.00238 0 0 0 0 0.00759 0.00157 0.00017 0 0 0 0.00177 0.00187 0 0.0064 0 0 0 -0.00403 0.00333 0.00432 0 0 0.00899 -0.0012 0 0.00739 0.00177 0 0 0.00181 0 0.01511 0 0 0.00216 0 0 0 0.0014 0.00414 0 0.00488 0 0.00336 0.0074 0 0 0
**Goodness_of_fit	 0.634
**Cosine_Similarity	 0.947

