#####SIGNATURE DECOMPOSITION REPORT
###./uploads/ROP-107-ExC85-xgenV2_S71.recode.YJqifIJ7TW_whole_sig.txt	./uploads/ROP-107-ExC85-xgenV2_S71.recode.YJqifIJ7TW_whole_sig.txt
**NUM_MUTATIONS 5731
**MUT_SUBCLASSES AC>AA AC>AC AC>AG AC>AT CC>AA CC>AC CC>AG CC>AT GC>AA GC>AC GC>AG GC>AT TC>AA TC>AC TC>AG TC>AT AC>GA AC>GC AC>GG AC>GT CC>GA CC>GC CC>GG CC>GT GC>GA GC>GC GC>GG GC>GT TC>GA TC>GC TC>GG TC>GT AC>TA AC>TC AC>TG AC>TT CC>TA CC>TC CC>TG CC>TT GC>TA GC>TC GC>TG GC>TT TC>TA TC>TC TC>TG TC>TT AT>AA AT>AC AT>AG AT>AT CT>AA CT>AC CT>AG CT>AT GT>AA GT>AC GT>AG GT>AT TT>AA TT>AC TT>AG TT>AT AT>CA AT>CC AT>CG AT>CT CT>CA CT>CC CT>CG CT>CT GT>CA GT>CC GT>CG GT>CT TT>CA TT>CC TT>CG TT>CT AT>GA AT>GC AT>GG AT>GT CT>GA CT>GC CT>GG CT>GT GT>GA GT>GC GT>GG GT>GT TT>GA TT>GC TT>GG TT>GT
**THIS_SPECTRUM 7e-04 0.00279 7e-04 0.00663 0.00366 0.00366 0.00122 0.01361 0.00157 0.00279 0.00105 0.00838 0.0342 0.00628 0.00262 0.18513 0.00087 0.00105 0.00017 0.00035 0.00017 7e-04 0 0.00017 0.00087 0.00122 0.00017 7e-04 0.00052 0.00017 0.00017 0 0.00122 0.00523 0.01623 0.00506 0.00314 0.00419 0.0157 0.00489 0.00297 0.01954 0.04973 0.02286 0.00489 0.01797 0.16542 0.02984 0.00052 0.00035 0 0.00192 0.00017 0.00105 0 0.00174 0.00035 0.00052 0 0.00035 0.00017 0.00087 0.00035 0.00105 0.00576 0.00838 0.00733 0.00611 0.00262 0.00489 0.00995 0.00349 0.01256 0.0246 0.0164 0.02094 0.00576 0.02199 0.01099 0.01029 0.00122 0.00332 0.00244 0.01361 0.00349 0.00366 0.00715 0.02687 0.0014 0.00366 0.00122 0.00419 0.00593 0.01221 0.00262 0.07433
**THIS_SIGs_NUMBER 5
**THIS_SIGs 1 10 15 21 28
**THIS_SIG_CONTRIBUTIONS 0.06274 0.64334 0.10028 0.07068 0.12296
**MAXLIK_SPECTRUM 0.00146 0.00178 0.00029 0.00699 0.00376 0.00202 0.00085 0.01345 0.00193 0.00309 0.00032 0.00936 0.0255 0.00809 0.00239 0.20103 0.00061 0.00045 1e-04 0.00058 0.00019 9e-05 0 0.00031 3e-04 0.00064 6e-05 0.00054 0.00029 0.00049 2e-05 0 0.00405 0.00531 0.02445 0.00489 0.00337 0.00456 0.01709 0.00538 0.00791 0.02679 0.04261 0.02021 0.0058 0.01749 0.14468 0.02806 0.00117 0.00366 0 0.00309 0.00055 0.00329 0 0.0022 0.00011 0.00187 0 0.00136 0.00065 0.0024 0.00053 0.00417 0.0064 0.00661 0.0053 0.00552 0.005 0.00808 0.00874 0.00412 0.01731 0.01751 0.01259 0.01673 0.00709 0.01332 0.00878 0.0113 0.00088 0.00501 0.0021 0.02005 0.00261 0.00569 0.00486 0.02719 1e-05 0.00156 0.00157 0.00783 0.00446 0.00987 0.00322 0.07006
**MAXLIK_RESIDUALS	 -0.00076 0.00101 0.00041 -0.00036 -9e-05 0.00164 0.00037 0.00016 -0.00036 -3e-04 0.00073 -0.00099 0.0087 -0.0018 0.00023 -0.01589 0.00026 0.00059 8e-05 -0.00023 -2e-05 0.00061 0 -0.00014 0.00058 0.00058 0.00011 0.00016 0.00024 -0.00032 0.00016 0 -0.00283 -8e-05 -0.00822 0.00017 -0.00023 -0.00037 -0.00139 -5e-04 -0.00494 -0.00725 0.00712 0.00265 -0.00092 0.00049 0.02074 0.00178 -0.00064 -0.00331 0 -0.00117 -0.00038 -0.00224 0 -0.00046 0.00024 -0.00135 0 -0.00101 -0.00047 -0.00153 -0.00018 -0.00312 -0.00064 0.00177 0.00203 0.00059 -0.00239 -0.0032 0.00121 -0.00063 -0.00474 0.00709 0.00381 0.00421 -0.00133 0.00867 0.00221 -0.001 0.00034 -0.00169 0.00035 -0.00644 0.00088 -0.00202 0.0023 -0.00032 0.00139 0.0021 -0.00035 -0.00365 0.00147 0.00234 -6e-04 0.00427
**Goodness_of_fit	 0.81
**Cosine_Similarity	 0.991

