#####SIGNATURE DECOMPOSITION REPORT
###./uploads/ROP-14-ExC85-xgenV2_S10.recode.YJqifIJ7TW_whole_sig.txt	./uploads/ROP-14-ExC85-xgenV2_S10.recode.YJqifIJ7TW_whole_sig.txt
**NUM_MUTATIONS 220
**MUT_SUBCLASSES AC>AA AC>AC AC>AG AC>AT CC>AA CC>AC CC>AG CC>AT GC>AA GC>AC GC>AG GC>AT TC>AA TC>AC TC>AG TC>AT AC>GA AC>GC AC>GG AC>GT CC>GA CC>GC CC>GG CC>GT GC>GA GC>GC GC>GG GC>GT TC>GA TC>GC TC>GG TC>GT AC>TA AC>TC AC>TG AC>TT CC>TA CC>TC CC>TG CC>TT GC>TA GC>TC GC>TG GC>TT TC>TA TC>TC TC>TG TC>TT AT>AA AT>AC AT>AG AT>AT CT>AA CT>AC CT>AG CT>AT GT>AA GT>AC GT>AG GT>AT TT>AA TT>AC TT>AG TT>AT AT>CA AT>CC AT>CG AT>CT CT>CA CT>CC CT>CG CT>CT GT>CA GT>CC GT>CG GT>CT TT>CA TT>CC TT>CG TT>CT AT>GA AT>GC AT>GG AT>GT CT>GA CT>GC CT>GG CT>GT GT>GA GT>GC GT>GG GT>GT TT>GA TT>GC TT>GG TT>GT
**THIS_SPECTRUM 0 0 0.00909 0.00455 0.01818 0 0 0 0.01364 0.00455 0.01818 0 0.00909 0.00455 0.00455 0.00909 0 0.00909 0 0.00455 0.01818 0.00909 0 0.01818 0.00909 0 0.00455 0.00455 0.01364 0 0 0.01818 0.00455 0.02273 0.05 0.02727 0.02727 0.00455 0.09545 0.04545 0.00909 0.02727 0.09545 0.03636 0.00909 0.03636 0.09545 0.02727 0 0.00455 0.00455 0 0.00455 0 0.00455 0 0 0.00455 0 0 0 0 0.00455 0.00455 0.00455 0.00455 0.01364 0.00909 0.00455 0.00455 0.01364 0.00455 0 0.01364 0.00909 0.00455 0 0.00909 0.01818 0 0 0 0.00455 0 0.00455 0.00455 0.00909 0.00909 0.00455 0 0 0 0 0 0 0
**THIS_SIGs_NUMBER 7
**THIS_SIGs 1 3 6 7 8 10 24
**THIS_SIG_CONTRIBUTIONS 0.2102 0.26374 0.35166 0.10325 0.00873 0.06243 0
**MAXLIK_SPECTRUM 0 0 0.00109 0.00718 0.01049 0 0 0 0.00546 0.0064 0.00113 0 0.00892 0.00875 0.00145 0.02927 0 0.00423 0 0.00749 0.00478 0.00381 0 0.0068 0.0033 0 0.00044 0.00558 0.00468 0 0 0.00945 0.02205 0.01337 0.06992 0.01271 0.01908 0.02021 0.0556 0.01947 0.03248 0.03808 0.07099 0.02761 0.02069 0.0408 0.05383 0.01853 0 0.00381 0.00275 0 0.00239 0 0.00386 0 0 0.00266 0 0 0 0 0.00214 0.0059 0.00939 0.00611 0.01317 0.00779 0.00532 0.00661 0.01344 0.00641 0 0.00588 0.00711 0.00738 0 0.00599 0.00771 0 0 0 0.00317 0 0.00078 0.0036 0.00524 0.00722 0.00112 0 0 0 0 0 0 0
**MAXLIK_RESIDUALS	 0 0 0.008 -0.00263 0.0077 0 0 0 0.00818 -0.00185 0.01705 0 0.00017 -0.00421 0.00309 -0.02018 0 0.00486 0 -0.00295 0.0134 0.00528 0 0.01138 0.00579 0 0.0041 -0.00104 0.00895 0 0 0.00873 -0.0175 0.00936 -0.01992 0.01456 0.00819 -0.01566 0.03985 0.02599 -0.02339 -0.0108 0.02447 0.00875 -0.0116 -0.00444 0.04162 0.00874 0 0.00074 0.0018 0 0.00216 0 0.00068 0 0 0.00189 0 0 0 0 0.00241 -0.00135 -0.00484 -0.00157 0.00046 0.0013 -0.00077 -0.00207 2e-04 -0.00186 0 0.00775 0.00198 -0.00284 0 0.00311 0.01048 0 0 0 0.00137 0 0.00377 0.00095 0.00385 0.00187 0.00342 0 0 0 0 0 0 0
**Goodness_of_fit	 0.51
**Cosine_Similarity	 0.9

