#####SIGNATURE DECOMPOSITION REPORT
###./uploads/ROP-19-ExC85-xgenV2_S15.recode.YJqifIJ7TW_whole_sig.txt	./uploads/ROP-19-ExC85-xgenV2_S15.recode.YJqifIJ7TW_whole_sig.txt
**NUM_MUTATIONS 277
**MUT_SUBCLASSES AC>AA AC>AC AC>AG AC>AT CC>AA CC>AC CC>AG CC>AT GC>AA GC>AC GC>AG GC>AT TC>AA TC>AC TC>AG TC>AT AC>GA AC>GC AC>GG AC>GT CC>GA CC>GC CC>GG CC>GT GC>GA GC>GC GC>GG GC>GT TC>GA TC>GC TC>GG TC>GT AC>TA AC>TC AC>TG AC>TT CC>TA CC>TC CC>TG CC>TT GC>TA GC>TC GC>TG GC>TT TC>TA TC>TC TC>TG TC>TT AT>AA AT>AC AT>AG AT>AT CT>AA CT>AC CT>AG CT>AT GT>AA GT>AC GT>AG GT>AT TT>AA TT>AC TT>AG TT>AT AT>CA AT>CC AT>CG AT>CT CT>CA CT>CC CT>CG CT>CT GT>CA GT>CC GT>CG GT>CT TT>CA TT>CC TT>CG TT>CT AT>GA AT>GC AT>GG AT>GT CT>GA CT>GC CT>GG CT>GT GT>GA GT>GC GT>GG GT>GT TT>GA TT>GC TT>GG TT>GT
**THIS_SPECTRUM 0.00722 0.01444 0.00361 0.00722 0.00361 0.01083 0.00361 0.00361 0.01083 0 0.00722 0 0 0.00361 0.00361 0.01444 0.01444 0.01444 0 0.01083 0.00722 0.01444 0.01083 0.00361 0.00361 0.02527 0.00722 0.01805 0.01083 0.00361 0.00361 0.01444 0.02527 0.02888 0.04693 0.01444 0.02888 0.02888 0.08664 0.02166 0.01444 0.01805 0.05776 0.02527 0.01444 0.02166 0.04693 0.00722 0 0.00722 0.00361 0 0.00361 0.01083 0.00722 0 0.00361 0 0.00361 0.00722 0 0 0 0 0.01805 0.00722 0.01083 0.00722 0.00361 0.00722 0.01444 0.02166 0.00722 0.00361 0.01083 0.01083 0.00361 0.01083 0.01083 0.00361 0.00361 0.00722 0.00722 0 0 0 0 0.00361 0.00722 0.00361 0.00722 0 0 0.00722 0.00722 0.00361
**THIS_SIGs_NUMBER 3
**THIS_SIGs 1 3 23
**THIS_SIG_CONTRIBUTIONS 0.45246 0.47254 0.075
**MAXLIK_SPECTRUM 0.01553 0.01261 0.00168 0.01051 0.01187 0.01082 0.00134 0.01026 0.00833 0 0.00073 0 0 0.01295 0.00168 0.01464 0.01216 0.00691 0 0.01234 0.00855 0.00673 0.0022 0.012 0.0059 0.00574 0.00079 0.00887 0.00845 0.01047 0.00133 0.0169 0.02328 0.01683 0.08004 0.01519 0.0208 0.02639 0.04604 0.02704 0.0229 0.02839 0.04841 0.02109 0.01185 0.01766 0.0354 0.01292 0 0.00456 0.00477 0 0.00416 0.00687 0.00612 0 0.00241 0 0.00436 0.00505 0 0 0 0 0.01254 0.0072 0.01016 0.01223 0.00562 0.0092 0.00718 0.00868 0.00834 0.00617 0.00513 0.00845 0.00796 0.00739 0.00667 0.00792 0.00183 0.0015 0.00491 0 0 0 0 0.00539 0.002 0.00222 0.0083 0 0 0.0035 0.00617 0.00797
**MAXLIK_RESIDUALS	 -0.00831 0.00183 0.00193 -0.00329 -0.00826 1e-05 0.00227 -0.00665 0.0025 0 0.00649 0 0 -0.00934 0.00193 -0.00019 0.00228 0.00753 0 -0.00151 -0.00133 0.00771 0.00863 -0.00839 -0.00229 0.01954 0.00643 0.00918 0.00238 -0.00686 0.00228 -0.00246 0.00199 0.01206 -0.03311 -0.00075 0.00808 0.00249 0.0406 -0.00538 -0.00846 -0.01034 0.00935 0.00418 0.0026 0.004 0.01153 -0.0057 0 0.00266 -0.00116 0 -0.00055 0.00396 0.0011 0 0.0012 0 -0.00075 0.00217 0 0 0 0 0.00551 2e-05 0.00067 -0.00501 -0.00201 -0.00198 0.00726 0.01298 -0.00112 -0.00256 0.0057 0.00238 -0.00435 0.00344 0.00416 -0.00431 0.00178 0.00572 0.00231 0 0 0 0 -0.00178 0.00522 0.00139 -0.00108 0 0 0.00372 0.00105 -0.00436
**Goodness_of_fit	 0.592
**Cosine_Similarity	 0.897

