#####SIGNATURE DECOMPOSITION REPORT
###./uploads/ROP-56-ExC85-xgenV2_S38.recode.YJqifIJ7TW_whole_sig.txt	./uploads/ROP-56-ExC85-xgenV2_S38.recode.YJqifIJ7TW_whole_sig.txt
**NUM_MUTATIONS 236
**MUT_SUBCLASSES AC>AA AC>AC AC>AG AC>AT CC>AA CC>AC CC>AG CC>AT GC>AA GC>AC GC>AG GC>AT TC>AA TC>AC TC>AG TC>AT AC>GA AC>GC AC>GG AC>GT CC>GA CC>GC CC>GG CC>GT GC>GA GC>GC GC>GG GC>GT TC>GA TC>GC TC>GG TC>GT AC>TA AC>TC AC>TG AC>TT CC>TA CC>TC CC>TG CC>TT GC>TA GC>TC GC>TG GC>TT TC>TA TC>TC TC>TG TC>TT AT>AA AT>AC AT>AG AT>AT CT>AA CT>AC CT>AG CT>AT GT>AA GT>AC GT>AG GT>AT TT>AA TT>AC TT>AG TT>AT AT>CA AT>CC AT>CG AT>CT CT>CA CT>CC CT>CG CT>CT GT>CA GT>CC GT>CG GT>CT TT>CA TT>CC TT>CG TT>CT AT>GA AT>GC AT>GG AT>GT CT>GA CT>GC CT>GG CT>GT GT>GA GT>GC GT>GG GT>GT TT>GA TT>GC TT>GG TT>GT
**THIS_SPECTRUM 0.01271 0.01271 0 0 0.01695 0.01695 0 0.03814 0.01695 0.00424 0.00424 0.02119 0.00847 0.00847 0.00424 0.00424 0.00847 0.00847 0.00424 0.00424 0 0.00424 0.00847 0.01695 0 0.00424 0.00424 0.00847 0.02542 0.01271 0 0.04237 0.00847 0.01695 0.10593 0 0.01695 0.01271 0.0678 0.01271 0.02542 0.0339 0.07627 0.01271 0.01271 0.02119 0.0339 0.01271 0 0 0.00847 0 0 0 0.00847 0.00424 0.00424 0 0.00847 0 0 0.00424 0 0.00424 0.01271 0 0.00847 0.00847 0.01271 0.00847 0.00847 0 0.00424 0.02542 0.00424 0.00424 0.00424 0.00424 0.01271 0.00424 0.00424 0.00847 0 0 0.00424 0.00424 0 0 0 0 0 0 0.00424 0.00847 0 0.00847
**THIS_SIGs_NUMBER 4
**THIS_SIGs 1 3 13 14
**THIS_SIG_CONTRIBUTIONS 0.53942 0.21374 0.07859 0.16825
**MAXLIK_SPECTRUM 0.01077 0.00951 0 0 0.00865 0.00914 0 0.02827 0.00683 0.0074 0.00072 0.01744 0.01297 0.01373 0.0017 0.02187 0.00642 0.00406 0.00145 0.00689 0 0.00334 0.00119 0.00639 0 0.00347 0.00036 0.00457 0.02646 0.01044 0 0.03465 0.02479 0.01503 0.10172 0 0.01564 0.0147 0.05725 0.01584 0.0265 0.027 0.07283 0.02128 0.02021 0.01837 0.04342 0.01569 0 0 0.0031 0 0 0 0.00332 0.00503 0.00133 0 0.00238 0 0 0.00335 0 0.00551 0.01077 0 0.00858 0.00906 0.00404 0.00681 0.00586 0 0.00893 0.00729 0.00542 0.00886 0.00667 0.00591 0.00637 0.00613 0.00139 0.00162 0 0 0.00059 0.00272 0 0 0 0 0 0 0.00196 0.00228 0 0.00543
**MAXLIK_RESIDUALS	 0.00194 0.0032 0 0 0.0083 0.00781 0 0.00986 0.01012 -0.00316 0.00351 0.00374 -0.00449 -0.00525 0.00254 -0.01763 0.00206 0.00441 0.00279 -0.00266 0 0.00089 0.00729 0.01056 0 0.00077 0.00387 0.0039 -0.00104 0.00227 0 0.00772 -0.01631 0.00192 0.00421 0 0.0013 -0.00198 0.01055 -0.00313 -0.00108 0.0069 0.00344 -0.00857 -0.0075 0.00282 -0.00952 -0.00298 0 0 0.00538 0 0 0 0.00516 -0.00079 0.00291 0 0.00609 0 0 0.00088 0 -0.00127 0.00194 0 -0.00011 -0.00059 0.00867 0.00166 0.00262 0 -0.00469 0.01813 -0.00118 -0.00462 -0.00243 -0.00168 0.00634 -0.00189 0.00285 0.00685 0 0 0.00365 0.00151 0 0 0 0 0 0 0.00228 0.00619 0 0.00305
**Goodness_of_fit	 0.681
**Cosine_Similarity	 0.964

