#####SIGNATURE DECOMPOSITION REPORT
###./uploads/ROP-76-ExC85-xgenV2_S51.recode.YJqifIJ7TW_whole_sig.txt	./uploads/ROP-76-ExC85-xgenV2_S51.recode.YJqifIJ7TW_whole_sig.txt
**NUM_MUTATIONS 192
**MUT_SUBCLASSES AC>AA AC>AC AC>AG AC>AT CC>AA CC>AC CC>AG CC>AT GC>AA GC>AC GC>AG GC>AT TC>AA TC>AC TC>AG TC>AT AC>GA AC>GC AC>GG AC>GT CC>GA CC>GC CC>GG CC>GT GC>GA GC>GC GC>GG GC>GT TC>GA TC>GC TC>GG TC>GT AC>TA AC>TC AC>TG AC>TT CC>TA CC>TC CC>TG CC>TT GC>TA GC>TC GC>TG GC>TT TC>TA TC>TC TC>TG TC>TT AT>AA AT>AC AT>AG AT>AT CT>AA CT>AC CT>AG CT>AT GT>AA GT>AC GT>AG GT>AT TT>AA TT>AC TT>AG TT>AT AT>CA AT>CC AT>CG AT>CT CT>CA CT>CC CT>CG CT>CT GT>CA GT>CC GT>CG GT>CT TT>CA TT>CC TT>CG TT>CT AT>GA AT>GC AT>GG AT>GT CT>GA CT>GC CT>GG CT>GT GT>GA GT>GC GT>GG GT>GT TT>GA TT>GC TT>GG TT>GT
**THIS_SPECTRUM 0.00521 0.01562 0.01042 0.01042 0.00521 0.01042 0.00521 0.01562 0.00521 0.01562 0.01042 0.00521 0.01042 0.01562 0.01042 0.01042 0.01042 0.00521 0 0.00521 0 0.00521 0.01042 0.02083 0 0.01562 0.01562 0.01042 0.01042 0.01042 0 0.01042 0.00521 0.02604 0.07812 0.01042 0.00521 0.01042 0.13021 0.02604 0.02083 0.02083 0.05729 0.01562 0 0.02604 0.06771 0.01042 0 0.00521 0 0 0.00521 0.00521 0.00521 0.01042 0.00521 0 0.00521 0 0 0 0 0.00521 0 0.02083 0.00521 0 0.00521 0.01042 0.01562 0 0 0 0.01042 0.01042 0 0.00521 0.01562 0.02083 0 0.00521 0 0 0 0 0.00521 0.00521 0.00521 0.00521 0 0 0 0 0.00521 0
**THIS_SIGs_NUMBER 2
**THIS_SIGs 1 3
**THIS_SIG_CONTRIBUTIONS 0.64715 0.35285
**MAXLIK_SPECTRUM 0.01501 0.01223 0.00172 0.00977 0.0109 0.01031 0.00127 0.00985 0.00875 0.00755 0.00073 0.0072 0.01204 0.01308 0.00195 0.01564 0.00963 0.00596 0 0.01013 0 0.00523 0.0018 0.00938 0 0.00502 0.00059 0.0069 0.00687 0.00845 0 0.01357 0.02541 0.01241 0.11234 0.01339 0.0186 0.01499 0.06309 0.01675 0.02183 0.02047 0.06745 0.01519 0 0.01622 0.04979 0.01254 0 0.00414 0 0 0.00344 0.00572 0.00502 0.00722 0.00201 0 0.00362 0 0 0 0 0.00777 0 0.0073 0.01069 0 0.00549 0.00849 0.00751 0 0 0 0.00537 0.00955 0 0.00701 0.00754 0.00785 0 0.00167 0 0 0 0 0.00473 0.00486 0.00153 0.00172 0 0 0 0 0.00522 0
**MAXLIK_RESIDUALS	 -0.0098 0.0034 0.0087 0.00064 -0.00569 1e-04 0.00394 0.00578 -0.00354 0.00807 0.00969 -0.00199 -0.00162 0.00254 0.00847 -0.00522 0.00078 -0.00075 0 -0.00492 0 -2e-05 0.00862 0.01145 0 0.01061 0.01504 0.00352 0.00354 0.00197 0 -0.00315 -0.0202 0.01363 -0.03422 -0.00297 -0.01339 -0.00457 0.06711 0.00929 -0.001 0.00036 -0.01016 0.00043 0 0.00983 0.01792 -0.00213 0 0.00107 0 0 0.00177 -0.00051 0.00018 0.0032 0.0032 0 0.00158 0 0 0 0 -0.00256 0 0.01353 -0.00549 0 -0.00028 0.00193 0.00811 0 0 0 0.00504 0.00086 0 -0.0018 0.00808 0.01298 0 0.00354 0 0 0 0 0.00048 0.00034 0.00368 0.00349 0 0 0 0 -1e-05 0
**Goodness_of_fit	 0.565
**Cosine_Similarity	 0.883

