#####SIGNATURE DECOMPOSITION REPORT
###./uploads/ROP-38-ExC85-xgenV2_S28.recode.YJqifIJ7TW_whole_sig.txt	./uploads/ROP-38-ExC85-xgenV2_S28.recode.YJqifIJ7TW_whole_sig.txt
**NUM_MUTATIONS 185
**MUT_SUBCLASSES AC>AA AC>AC AC>AG AC>AT CC>AA CC>AC CC>AG CC>AT GC>AA GC>AC GC>AG GC>AT TC>AA TC>AC TC>AG TC>AT AC>GA AC>GC AC>GG AC>GT CC>GA CC>GC CC>GG CC>GT GC>GA GC>GC GC>GG GC>GT TC>GA TC>GC TC>GG TC>GT AC>TA AC>TC AC>TG AC>TT CC>TA CC>TC CC>TG CC>TT GC>TA GC>TC GC>TG GC>TT TC>TA TC>TC TC>TG TC>TT AT>AA AT>AC AT>AG AT>AT CT>AA CT>AC CT>AG CT>AT GT>AA GT>AC GT>AG GT>AT TT>AA TT>AC TT>AG TT>AT AT>CA AT>CC AT>CG AT>CT CT>CA CT>CC CT>CG CT>CT GT>CA GT>CC GT>CG GT>CT TT>CA TT>CC TT>CG TT>CT AT>GA AT>GC AT>GG AT>GT CT>GA CT>GC CT>GG CT>GT GT>GA GT>GC GT>GG GT>GT TT>GA TT>GC TT>GG TT>GT
**THIS_SPECTRUM 0.00541 0.00541 0 0 0.00541 0 0.00541 0.01081 0.01081 0.01081 0.01081 0 0.00541 0.00541 0 0.01622 0 0.01081 0 0.00541 0 0.01081 0.02162 0.00541 0.00541 0 0 0.00541 0 0 0.00541 0.00541 0.01622 0.02703 0.09189 0.02703 0.02162 0.01081 0.07027 0.02703 0.02162 0.03243 0.09189 0.04865 0.01622 0.02703 0.05405 0.02162 0 0 0.00541 0 0 0 0.01081 0 0 0 0.00541 0 0 0.00541 0 0 0.02162 0.00541 0.01622 0.02162 0.01081 0.01081 0.01622 0.01081 0 0 0.02703 0 0.00541 0 0.00541 0.00541 0 0 0 0 0 0 0.00541 0.02162 0 0 0.00541 0 0.00541 0 0.00541 0
**THIS_SIGs_NUMBER 2
**THIS_SIGs 1 5
**THIS_SIG_CONTRIBUTIONS 0.59632 0.40368
**MAXLIK_SPECTRUM 0.01265 0.00907 0 0 0.00784 0 0.00166 0.00873 0.00971 0.00717 0.0015 0 0.01327 0.01152 0 0.01646 0 0.00448 0 0.00649 0 0.0035 0.00136 0.00463 0.0026 0 0 0.00297 0 0 0.00071 0.00456 0.02642 0.01369 0.10912 0.01418 0.02165 0.0181 0.06219 0.01845 0.02296 0.02347 0.06709 0.01842 0.01308 0.01888 0.04836 0.01296 0 0 0.00632 0 0 0 0.00513 0 0 0 0.00347 0 0 0.00395 0 0 0.02258 0.0093 0.01753 0.01654 0.00824 0.00817 0.01175 0.0117 0 0 0.00866 0 0.0117 0 0.01005 0.01075 0 0 0 0 0 0 0.00384 0.00628 0 0 0.00311 0 0.00293 0 0.00366 0
**MAXLIK_RESIDUALS	 -0.00724 -0.00367 0 0 -0.00243 0 0.00374 0.00208 0.0011 0.00364 0.00931 0 -0.00786 -0.00611 0 -0.00025 0 0.00633 0 -0.00108 0 0.00731 0.02026 0.00078 0.0028 0 0 0.00244 0 0 0.00469 0.00084 -0.0102 0.01334 -0.01723 0.01285 -3e-05 -0.00729 0.00808 0.00858 -0.00134 0.00896 0.0248 0.03023 0.00313 0.00815 0.00569 0.00866 0 0 -0.00092 0 0 0 0.00568 0 0 0 0.00194 0 0 0.00145 0 0 -0.00095 -0.0039 -0.00131 0.00508 0.00257 0.00264 0.00447 -0.00088 0 0 0.01837 0 -0.0063 0 -0.00464 -0.00534 0 0 0 0 0 0 0.00157 0.01534 0 0 0.0023 0 0.00247 0 0.00175 0
**Goodness_of_fit	 0.648
**Cosine_Similarity	 0.943

