#####SIGNATURE DECOMPOSITION REPORT
###./uploads/ROP-11-ExC85-xgenV2_S8.recode.YJqifIJ7TW_whole_sig.txt	./uploads/ROP-11-ExC85-xgenV2_S8.recode.YJqifIJ7TW_whole_sig.txt
**NUM_MUTATIONS 312
**MUT_SUBCLASSES AC>AA AC>AC AC>AG AC>AT CC>AA CC>AC CC>AG CC>AT GC>AA GC>AC GC>AG GC>AT TC>AA TC>AC TC>AG TC>AT AC>GA AC>GC AC>GG AC>GT CC>GA CC>GC CC>GG CC>GT GC>GA GC>GC GC>GG GC>GT TC>GA TC>GC TC>GG TC>GT AC>TA AC>TC AC>TG AC>TT CC>TA CC>TC CC>TG CC>TT GC>TA GC>TC GC>TG GC>TT TC>TA TC>TC TC>TG TC>TT AT>AA AT>AC AT>AG AT>AT CT>AA CT>AC CT>AG CT>AT GT>AA GT>AC GT>AG GT>AT TT>AA TT>AC TT>AG TT>AT AT>CA AT>CC AT>CG AT>CT CT>CA CT>CC CT>CG CT>CT GT>CA GT>CC GT>CG GT>CT TT>CA TT>CC TT>CG TT>CT AT>GA AT>GC AT>GG AT>GT CT>GA CT>GC CT>GG CT>GT GT>GA GT>GC GT>GG GT>GT TT>GA TT>GC TT>GG TT>GT
**THIS_SPECTRUM 0.00962 0.00641 0 0.01282 0.01603 0.00962 0.00641 0.01603 0.00962 0.00641 0.00321 0.01282 0.01282 0.01282 0 0.01923 0.00321 0 0.00321 0 0.00321 0.00962 0.00641 0.01282 0.00962 0.00641 0 0.00321 0.00641 0 0 0.00321 0.00321 0.00962 0.10897 0.01282 0.02244 0.00962 0.08654 0.00641 0.01603 0.01282 0.12179 0.01923 0.02564 0.02244 0.0609 0.01282 0 0.00641 0.00321 0.00321 0 0 0.01603 0.00321 0.00321 0 0.00321 0 0 0 0 0.00641 0.01282 0.00962 0.01282 0.00641 0 0.00641 0.00962 0.00641 0.00321 0.00641 0.00321 0.01603 0.00321 0.00962 0.00962 0.00641 0 0.00321 0.00321 0.00641 0 0.00641 0.00321 0.00641 0 0 0.00321 0.00641 0.00321 0.00962 0.00962 0
**THIS_SIGs_NUMBER 2
**THIS_SIGs 1 3
**THIS_SIG_CONTRIBUTIONS 0.78079 0.21921
**MAXLIK_SPECTRUM 0.01353 0.01106 0 0.00843 0.00927 0.00919 0.00113 0.00884 0.00855 0.00687 0.00068 0.00616 0.01212 0.01236 0 0.01549 0.00667 0 0.00162 0 0.00469 0.00351 0.00131 0.00635 0.00308 0.00402 0 0.00462 0.00498 0 0 0.00962 0.02696 0.01313 0.1348 0.0131 0.01947 0.01632 0.0754 0.01689 0.02301 0.02301 0.08113 0.01614 0.01326 0.01677 0.05972 0.013 0 0.00347 0.00381 0.00845 0 0 0.00368 0.00531 0.00151 0 0.00271 0 0 0 0 0.00633 0.01372 0.00691 0.01048 0.01095 0 0.00726 0.00732 0.00786 0.01028 0.00684 0.00522 0.00998 0.0083 0.00619 0.00784 0.00725 0 0.00171 0.00307 0.00401 0 0.00292 0.00354 0.00407 0 0 0.00452 0.00217 0.00228 0.00236 0.00401 0
**MAXLIK_RESIDUALS	 -0.00391 -0.00465 0 0.00439 0.00676 0.00043 0.00528 0.00719 0.00106 -0.00046 0.00252 0.00666 7e-04 0.00046 0 0.00374 -0.00346 0 0.00159 0 -0.00149 0.0061 0.0051 0.00647 0.00653 0.00239 0 -0.00142 0.00143 0 0 -0.00642 -0.02376 -0.00352 -0.02583 -0.00028 0.00296 -0.0067 0.01114 -0.01048 -0.00699 -0.01019 0.04066 0.00309 0.01238 0.00567 0.00118 -0.00018 0 0.00294 -6e-04 -0.00524 0 0 0.01234 -0.0021 0.00169 0 5e-04 0 0 0 0 8e-05 -9e-04 0.0027 0.00234 -0.00454 0 -0.00085 0.00229 -0.00145 -0.00708 -0.00043 -0.00202 0.00605 -0.0051 0.00342 0.00177 -0.00084 0 0.00149 0.00014 0.0024 0 0.0035 -0.00034 0.00234 0 0 -0.00132 0.00424 0.00092 0.00726 0.0056 0
**Goodness_of_fit	 0.648
**Cosine_Similarity	 0.949

