#####SIGNATURE DECOMPOSITION REPORT
###./uploads/ROP-117-ExC85-xgenV2_S80.recode.YJqifIJ7TW_whole_sig.txt	./uploads/ROP-117-ExC85-xgenV2_S80.recode.YJqifIJ7TW_whole_sig.txt
**NUM_MUTATIONS 285
**MUT_SUBCLASSES AC>AA AC>AC AC>AG AC>AT CC>AA CC>AC CC>AG CC>AT GC>AA GC>AC GC>AG GC>AT TC>AA TC>AC TC>AG TC>AT AC>GA AC>GC AC>GG AC>GT CC>GA CC>GC CC>GG CC>GT GC>GA GC>GC GC>GG GC>GT TC>GA TC>GC TC>GG TC>GT AC>TA AC>TC AC>TG AC>TT CC>TA CC>TC CC>TG CC>TT GC>TA GC>TC GC>TG GC>TT TC>TA TC>TC TC>TG TC>TT AT>AA AT>AC AT>AG AT>AT CT>AA CT>AC CT>AG CT>AT GT>AA GT>AC GT>AG GT>AT TT>AA TT>AC TT>AG TT>AT AT>CA AT>CC AT>CG AT>CT CT>CA CT>CC CT>CG CT>CT GT>CA GT>CC GT>CG GT>CT TT>CA TT>CC TT>CG TT>CT AT>GA AT>GC AT>GG AT>GT CT>GA CT>GC CT>GG CT>GT GT>GA GT>GC GT>GG GT>GT TT>GA TT>GC TT>GG TT>GT
**THIS_SPECTRUM 0.01754 0.00351 0.01404 0.01053 0.00702 0.00351 0.00702 0.01404 0.03509 0.00702 0.00702 0.02456 0.01053 0.01053 0.01053 0.02456 0.00351 0.00351 0.00351 0.01404 0.00702 0.01053 0.00351 0.01053 0 0.01053 0.00351 0.00351 0 0.01404 0.00702 0.00702 0.03158 0.01404 0.03509 0.01754 0.01404 0.01404 0.06316 0.01404 0.02105 0.02456 0.09123 0.01053 0.00351 0.01053 0.04912 0.01754 0 0.00702 0 0.00702 0.00351 0 0.01053 0.00351 0.00351 0.00351 0 0.00351 0 0.00351 0 0.00351 0.00351 0.00351 0.03158 0.01754 0.01053 0 0.00351 0.01053 0 0.00702 0.00702 0.02456 0.00351 0.01053 0 0.00702 0.00351 0.00351 0 0 0.00351 0.00351 0.00702 0.01754 0 0 0.00351 0.01053 0.00351 0.00351 0.00351 0.00702
**THIS_SIGs_NUMBER 4
**THIS_SIGs 1 5 6 18
**THIS_SIG_CONTRIBUTIONS 0.17269 0.38544 0.29677 0.1451
**MAXLIK_SPECTRUM 0.01551 0.00745 0.00159 0.00801 0.02075 0.01332 0.00643 0.0279 0.0254 0.00862 0.00316 0.01777 0.01805 0.01351 0.00442 0.02849 0.00542 0.00398 0.00137 0.00613 0.00319 0.00359 0.00188 0.00473 0 0.00347 5e-04 0.00319 0 0.00461 0.00078 0.00365 0.02333 0.01259 0.06428 0.01377 0.01632 0.0137 0.05055 0.01416 0.0318 0.03519 0.06444 0.0264 0.0111 0.01444 0.02931 0.0091 0 0.00436 0 0.00773 0.00224 0 0.00535 0.00495 0.00299 0.0027 0 0.00348 0 0.00359 0 0.00525 0.01869 0.00827 0.01964 0.0136 0.00808 0 0.01682 0.00967 0 0.00698 0.01056 0.00982 0.00976 0.00826 0 0.00884 0.00166 0.00186 0 0 0.00088 0.00318 0.00529 0.0078 0 0 0.0042 0.00287 0.00252 0.00323 0.00312 0.00829
**MAXLIK_RESIDUALS	 0.00203 -0.00394 0.01245 0.00252 -0.01373 -0.00982 0.00059 -0.01386 0.00969 -0.0016 0.00386 0.00679 -0.00752 -0.00298 0.0061 -0.00393 -0.00191 -0.00047 0.00214 0.0079 0.00382 0.00693 0.00163 0.0058 0 0.00705 0.00301 0.00032 0 0.00942 0.00624 0.00336 0.00825 0.00145 -0.02919 0.00378 -0.00229 0.00033 0.01261 -0.00012 -0.01075 -0.01063 0.02679 -0.01587 -0.00759 -0.00392 0.01981 0.00845 0 0.00266 0 -0.00071 0.00127 0 0.00518 -0.00145 0.00052 0.00081 0 3e-05 0 -8e-05 0 -0.00174 -0.01518 -0.00476 0.01194 0.00394 0.00245 0 -0.01332 0.00085 0 4e-05 -0.00354 0.01474 -0.00626 0.00227 0 -0.00182 0.00184 0.00165 0 0 0.00263 0.00033 0.00173 0.00975 0 0 -0.00069 0.00766 0.00099 0.00027 0.00039 -0.00128
**Goodness_of_fit	 0.552
**Cosine_Similarity	 0.901

