#####SIGNATURE DECOMPOSITION REPORT
###./uploads/ROP-53-ExC85-xgenV2_S36.recode.YJqifIJ7TW_whole_sig.txt	./uploads/ROP-53-ExC85-xgenV2_S36.recode.YJqifIJ7TW_whole_sig.txt
**NUM_MUTATIONS 286
**MUT_SUBCLASSES AC>AA AC>AC AC>AG AC>AT CC>AA CC>AC CC>AG CC>AT GC>AA GC>AC GC>AG GC>AT TC>AA TC>AC TC>AG TC>AT AC>GA AC>GC AC>GG AC>GT CC>GA CC>GC CC>GG CC>GT GC>GA GC>GC GC>GG GC>GT TC>GA TC>GC TC>GG TC>GT AC>TA AC>TC AC>TG AC>TT CC>TA CC>TC CC>TG CC>TT GC>TA GC>TC GC>TG GC>TT TC>TA TC>TC TC>TG TC>TT AT>AA AT>AC AT>AG AT>AT CT>AA CT>AC CT>AG CT>AT GT>AA GT>AC GT>AG GT>AT TT>AA TT>AC TT>AG TT>AT AT>CA AT>CC AT>CG AT>CT CT>CA CT>CC CT>CG CT>CT GT>CA GT>CC GT>CG GT>CT TT>CA TT>CC TT>CG TT>CT AT>GA AT>GC AT>GG AT>GT CT>GA CT>GC CT>GG CT>GT GT>GA GT>GC GT>GG GT>GT TT>GA TT>GC TT>GG TT>GT
**THIS_SPECTRUM 0.0035 0.01399 0.00699 0.0035 0.01748 0.02098 0.00699 0.00699 0.00699 0.02098 0.01049 0.01399 0.00699 0.01399 0 0.01049 0 0.01399 0 0.01399 0 0.0035 0.0035 0.01748 0 0.00699 0.0035 0.01049 0.01049 0.02098 0 0.03497 0.01748 0.01049 0.06294 0.00699 0.02448 0.02448 0.07692 0.02098 0.01748 0.01399 0.04895 0.02098 0.01748 0.02797 0.03497 0.02448 0.0035 0.0035 0 0 0 0 0.0035 0.0035 0 0.00699 0.00699 0.0035 0.0035 0.0035 0 0.0035 0.0035 0.00699 0.01049 0.01399 0.00699 0.0035 0.01049 0.02098 0.01049 0.01049 0.01748 0.00699 0.01748 0.01748 0.0035 0.00699 0.0035 0.0035 0.0035 0 0 0 0.00699 0 0 0 0.0035 0.0035 0.00699 0 0.0035 0
**THIS_SIGs_NUMBER 7
**THIS_SIGs 1 3 6 7 13 21 24
**THIS_SIG_CONTRIBUTIONS 0.35654 0.3324 0.08758 0.06183 0.0408 0.05003 0.07081
**MAXLIK_SPECTRUM 0.01355 0.01097 0.00274 0.00963 0.01422 0.01251 0.0035 0.01429 0.01027 0.01418 0.00403 0.01013 0.01265 0.01504 0 0.01438 0 0.00574 0 0.00948 0 0.00595 0.00167 0.00953 0 0.00531 0.00096 0.00677 0.01818 0.01067 0 0.02596 0.01996 0.01129 0.07186 0.01138 0.01839 0.01703 0.04623 0.01759 0.02259 0.02367 0.05019 0.0176 0.02305 0.03114 0.03848 0.01582 0.0049 0.00514 0 0 0 0 0.0051 0.00671 0 0.00337 0.00338 0.00409 0.0046 0.00472 0 0.00675 0.01167 0.00666 0.01078 0.01067 0.00595 0.00789 0.00878 0.00806 0.01464 0.00892 0.0093 0.01251 0.00866 0.00753 0.00733 0.00762 0.00136 0.00154 0.00376 0 0 0 0.00457 0 0 0 0.00629 0.0031 0.0024 0 0.00468 0
**MAXLIK_RESIDUALS	 -0.01005 0.00301 0.00426 -0.00613 0.00326 0.00847 0.00349 -0.0073 -0.00328 0.0068 0.00646 0.00386 -0.00566 -0.00105 0 -0.00389 0 0.00824 0 0.00451 0 -0.00245 0.00182 0.00795 0 0.00168 0.00254 0.00372 -0.00769 0.01031 0 0.00901 -0.00248 -8e-04 -0.00892 -0.00439 0.00609 0.00745 0.0307 0.00339 -0.0051 -0.00969 -0.00124 0.00338 -0.00556 -0.00316 -0.00352 0.00865 -0.0014 -0.00164 0 0 0 0 -0.0016 -0.00321 0 0.00362 0.00362 -6e-04 -0.0011 -0.00123 0 -0.00325 -0.00817 0.00033 -0.00029 0.00331 0.00105 -0.00439 0.0017 0.01292 -0.00415 0.00157 0.00819 -0.00552 0.00882 0.00995 -0.00383 -0.00063 0.00213 0.00196 -0.00027 0 0 0 0.00242 0 0 0 -0.0028 4e-04 0.00459 0 -0.00118 0
**Goodness_of_fit	 0.647
**Cosine_Similarity	 0.941

