#####SIGNATURE DECOMPOSITION REPORT
###./uploads/ROP-86-ExC85-xgenV2_S56.recode.YJqifIJ7TW_whole_sig.txt	./uploads/ROP-86-ExC85-xgenV2_S56.recode.YJqifIJ7TW_whole_sig.txt
**NUM_MUTATIONS 146
**MUT_SUBCLASSES AC>AA AC>AC AC>AG AC>AT CC>AA CC>AC CC>AG CC>AT GC>AA GC>AC GC>AG GC>AT TC>AA TC>AC TC>AG TC>AT AC>GA AC>GC AC>GG AC>GT CC>GA CC>GC CC>GG CC>GT GC>GA GC>GC GC>GG GC>GT TC>GA TC>GC TC>GG TC>GT AC>TA AC>TC AC>TG AC>TT CC>TA CC>TC CC>TG CC>TT GC>TA GC>TC GC>TG GC>TT TC>TA TC>TC TC>TG TC>TT AT>AA AT>AC AT>AG AT>AT CT>AA CT>AC CT>AG CT>AT GT>AA GT>AC GT>AG GT>AT TT>AA TT>AC TT>AG TT>AT AT>CA AT>CC AT>CG AT>CT CT>CA CT>CC CT>CG CT>CT GT>CA GT>CC GT>CG GT>CT TT>CA TT>CC TT>CG TT>CT AT>GA AT>GC AT>GG AT>GT CT>GA CT>GC CT>GG CT>GT GT>GA GT>GC GT>GG GT>GT TT>GA TT>GC TT>GG TT>GT
**THIS_SPECTRUM 0 0.00685 0.00685 0 0.02055 0 0.0137 0.0137 0.0137 0.0274 0.00685 0.0137 0.0137 0.0137 0 0.03425 0.00685 0.00685 0.00685 0.00685 0.02055 0 0.00685 0.0137 0 0.00685 0.00685 0.00685 0.00685 0.00685 0 0.0137 0.0274 0.03425 0.09589 0.0137 0.00685 0.03425 0.08219 0.02055 0.02055 0.0137 0.06164 0.02055 0.0137 0.04795 0.02055 0.02055 0 0.00685 0 0 0 0 0 0.00685 0 0 0.00685 0.00685 0 0 0.00685 0 0.0137 0.00685 0.0137 0.0137 0.00685 0.00685 0 0 0 0 0 0.00685 0 0.00685 0 0.00685 0.00685 0 0.00685 0 0 0 0 0 0 0.00685 0.0137 0 0 0.00685 0.00685 0
**THIS_SIGs_NUMBER 4
**THIS_SIGs 1 3 4 11
**THIS_SIG_CONTRIBUTIONS 0.53993 0.16917 0.17337 0.11753
**MAXLIK_SPECTRUM 0 0.01344 0.00434 0 0.01481 0 0.00246 0.01402 0.01265 0.01198 0.00443 0.00902 0.01441 0.01846 0 0.01746 0.0068 0.00442 0.00175 0.00658 0.00536 0 0.00217 0.00647 0 0.00456 0.00136 0.00455 0.00429 0.00647 0 0.00819 0.02368 0.02346 0.09461 0.01785 0.021 0.03177 0.0551 0.02503 0.02077 0.0289 0.05758 0.0189 0.01348 0.03173 0.04246 0.02172 0 0.00322 0 0 0 0 0 0.006 0 0 0.00437 0.0034 0 0 0.00312 0 0.01125 0.00547 0.00895 0.00853 0.0045 0.00578 0 0 0 0 0 0.00772 0 0.00486 0 0.00564 0.00125 0 0.00255 0 0 0 0 0 0 0.00087 0.00384 0 0 0.00179 0.00353 0
**MAXLIK_RESIDUALS	 0 -0.00659 0.00251 0 0.00573 0 0.01124 -0.00033 0.00105 0.01542 0.00242 0.00468 -0.00071 -0.00476 0 0.01678 5e-05 0.00243 0.0051 0.00027 0.01519 0 0.00468 0.00723 0 0.00229 0.00549 0.0023 0.00256 0.00037 0 0.00551 0.00371 0.01079 0.00128 -0.00415 -0.01415 0.00247 0.02709 -0.00449 -0.00022 -0.0152 0.00406 0.00164 0.00022 0.01622 -0.02191 -0.00117 0 0.00363 0 0 0 0 0 0.00085 0 0 0.00248 0.00345 0 0 0.00373 0 0.00245 0.00138 0.00474 0.00517 0.00235 0.00107 0 0 0 0 0 -0.00087 0 0.00199 0 0.00121 0.00559 0 0.0043 0 0 0 0 0 0 0.00598 0.00985 0 0 0.00506 0.00332 0
**Goodness_of_fit	 0.676
**Cosine_Similarity	 0.948

