#####SIGNATURE DECOMPOSITION REPORT
###./uploads/ROP-112-ExC85-xgenV2_S75.recode.YJqifIJ7TW_whole_sig.txt	./uploads/ROP-112-ExC85-xgenV2_S75.recode.YJqifIJ7TW_whole_sig.txt
**NUM_MUTATIONS 189
**MUT_SUBCLASSES AC>AA AC>AC AC>AG AC>AT CC>AA CC>AC CC>AG CC>AT GC>AA GC>AC GC>AG GC>AT TC>AA TC>AC TC>AG TC>AT AC>GA AC>GC AC>GG AC>GT CC>GA CC>GC CC>GG CC>GT GC>GA GC>GC GC>GG GC>GT TC>GA TC>GC TC>GG TC>GT AC>TA AC>TC AC>TG AC>TT CC>TA CC>TC CC>TG CC>TT GC>TA GC>TC GC>TG GC>TT TC>TA TC>TC TC>TG TC>TT AT>AA AT>AC AT>AG AT>AT CT>AA CT>AC CT>AG CT>AT GT>AA GT>AC GT>AG GT>AT TT>AA TT>AC TT>AG TT>AT AT>CA AT>CC AT>CG AT>CT CT>CA CT>CC CT>CG CT>CT GT>CA GT>CC GT>CG GT>CT TT>CA TT>CC TT>CG TT>CT AT>GA AT>GC AT>GG AT>GT CT>GA CT>GC CT>GG CT>GT GT>GA GT>GC GT>GG GT>GT TT>GA TT>GC TT>GG TT>GT
**THIS_SPECTRUM 0.01058 0.00529 0.00529 0.00529 0.02116 0.01058 0.00529 0 0.01058 0.00529 0 0 0.01058 0 0 0.00529 0 0.00529 0 0.00529 0 0.01587 0.01058 0.00529 0.01058 0.01587 0 0.01587 0 0.00529 0.01058 0 0.01587 0.01587 0.06349 0.00529 0.00529 0.02116 0.09524 0.03704 0.01587 0.01058 0.07937 0.02116 0.01058 0.02116 0.10053 0.01587 0.01058 0 0 0 0 0.00529 0.01058 0.00529 0 0 0.00529 0.00529 0 0.01058 0 0.01587 0.03175 0.02116 0.01058 0.00529 0 0.01058 0.01587 0 0 0.00529 0 0.01058 0.00529 0.01058 0.01058 0.00529 0 0 0 0 0 0 0 0.01058 0.00529 0.00529 0.00529 0.01058 0.00529 0 0.00529 0.01058
**THIS_SIGs_NUMBER 2
**THIS_SIGs 1 3
**THIS_SIG_CONTRIBUTIONS 0.62904 0.37096
**MAXLIK_SPECTRUM 0.01521 0.01238 0.00173 0.00996 0.01112 0.01047 0.00129 0 0.00878 0.00764 0 0 0.01203 0 0 0.01566 0 0.00613 0 0.0105 0 0.00546 0.00187 0.00979 0.0048 0.00515 0 0.00721 0 0.00878 0.00113 0 0.0252 0.01231 0.1093 0.01343 0.01848 0.01481 0.06143 0.01673 0.02167 0.02013 0.0656 0.01506 0.01241 0.01614 0.04844 0.01248 0.00566 0 0 0 0 0.00592 0.00521 0.00748 0 0 0.00375 0.00455 0 0.00463 0 0.00796 0.01359 0.00735 0.01072 0.01212 0 0.00866 0.00754 0 0 0.00673 0 0.0095 0.00846 0.00712 0.0075 0.00793 0 0 0 0 0 0 0 0.00497 0.0016 0.0018 0.00683 0.00313 0.00289 0 0.00539 0.00736
**MAXLIK_RESIDUALS	 -0.00462 -0.00709 0.00356 -0.00466 0.01005 0.00012 0.004 0 0.00181 -0.00235 0 0 -0.00145 0 0 -0.01036 0 -0.00084 0 -0.00521 0 0.01041 0.00871 -0.0045 0.00578 0.01072 0 0.00867 0 -0.00348 0.00945 0 -0.00932 0.00356 -0.04581 -0.00814 -0.01319 0.00636 0.03381 0.02031 -0.0058 -0.00955 0.01376 0.0061 -0.00183 0.00502 0.05209 0.00339 0.00493 0 0 0 0 -0.00063 0.00538 -0.00218 0 0 0.00154 0.00075 0 0.00595 0 0.00791 0.01816 0.01381 -0.00014 -0.00683 0 0.00192 0.00834 0 0 -0.00143 0 0.00109 -0.00317 0.00346 0.00308 -0.00264 0 0 0 0 0 0 0 0.00561 0.00369 0.00349 -0.00154 0.00746 0.0024 0 -1e-04 0.00322
**Goodness_of_fit	 0.523
**Cosine_Similarity	 0.878

