#####SIGNATURE DECOMPOSITION REPORT
###./uploads/ROP-93-ExC85-xgenV2_S61.recode.YJqifIJ7TW_whole_sig.txt	./uploads/ROP-93-ExC85-xgenV2_S61.recode.YJqifIJ7TW_whole_sig.txt
**NUM_MUTATIONS 212
**MUT_SUBCLASSES AC>AA AC>AC AC>AG AC>AT CC>AA CC>AC CC>AG CC>AT GC>AA GC>AC GC>AG GC>AT TC>AA TC>AC TC>AG TC>AT AC>GA AC>GC AC>GG AC>GT CC>GA CC>GC CC>GG CC>GT GC>GA GC>GC GC>GG GC>GT TC>GA TC>GC TC>GG TC>GT AC>TA AC>TC AC>TG AC>TT CC>TA CC>TC CC>TG CC>TT GC>TA GC>TC GC>TG GC>TT TC>TA TC>TC TC>TG TC>TT AT>AA AT>AC AT>AG AT>AT CT>AA CT>AC CT>AG CT>AT GT>AA GT>AC GT>AG GT>AT TT>AA TT>AC TT>AG TT>AT AT>CA AT>CC AT>CG AT>CT CT>CA CT>CC CT>CG CT>CT GT>CA GT>CC GT>CG GT>CT TT>CA TT>CC TT>CG TT>CT AT>GA AT>GC AT>GG AT>GT CT>GA CT>GC CT>GG CT>GT GT>GA GT>GC GT>GG GT>GT TT>GA TT>GC TT>GG TT>GT
**THIS_SPECTRUM 0.00943 0.01415 0 0 0 0.00472 0.01415 0 0.01887 0 0.01415 0.00472 0.00943 0.01887 0.00943 0.00943 0.00943 0.00472 0 0.00472 0 0.00472 0.00472 0.01415 0.00472 0 0.01415 0.01415 0.00472 0.01415 0 0 0.01415 0.01415 0.06132 0.00943 0.03302 0.03302 0.13208 0.03302 0.00472 0.01887 0.11792 0.0283 0.00943 0 0.08491 0.01415 0.00472 0 0 0 0 0 0.00472 0.00472 0.00943 0 0.00472 0 0 0 0 0 0.01415 0 0.01887 0.01415 0 0.00943 0.00943 0 0 0.00472 0.00472 0.00943 0 0.00943 0.00472 0.00472 0 0 0 0 0 0.00472 0 0.00472 0 0 0.00472 0.00472 0 0.00943 0.00472 0.00472
**THIS_SIGs_NUMBER 5
**THIS_SIGs 1 4 6 7 27
**THIS_SIG_CONTRIBUTIONS 0.35577 0.14093 0.34059 0.16272 0
**MAXLIK_SPECTRUM 0.00974 0.00864 0 0 0 0.01957 0.00466 0 0.00909 0 0.00413 0.0082 0.00975 0.01287 0.00268 0.01283 0.00245 0.00209 0 0.00244 0 0.00168 0.00117 0.00193 0.0012 0 0.00087 0.00174 0.00115 0.00245 0 0 0.02282 0.01491 0.0924 0.0111 0.02556 0.02837 0.06915 0.02471 0.03234 0.04054 0.08281 0.02792 0.02773 0 0.05665 0.02132 0.00247 0 0 0 0 0 0.00574 0.00306 0.00122 0 0.0026 0 0 0 0 0 0.00877 0 0.01225 0.00476 0 0.00373 0.01326 0 0 0.00474 0.00633 0.00688 0 0.00344 0.00739 0.00391 0 0 0 0 0 0.00242 0 0.00429 0 0 0.00129 0.00165 0 0.00131 0.00168 0.00427
**MAXLIK_RESIDUALS	 -3e-04 0.00551 0 0 0 -0.01485 0.00949 0 0.00977 0 0.01002 -0.00348 -0.00032 0.006 0.00675 -0.0034 0.00698 0.00263 0 0.00227 0 0.00304 0.00355 0.01222 0.00352 0 0.01328 0.01241 0.00357 0.0117 0 0 -0.00867 -0.00076 -0.03108 -0.00166 0.00746 0.00465 0.06293 0.00831 -0.02762 -0.02167 0.03512 0.00039 -0.01829 0 0.02825 -0.00716 0.00224 0 0 0 0 0 -0.00102 0.00165 0.00822 0 0.00211 0 0 0 0 0 0.00538 0 0.00662 0.00939 0 0.00571 -0.00383 0 0 -2e-05 -0.00161 0.00255 0 0.006 -0.00267 8e-04 0 0 0 0 0 0.00229 0 0.00043 0 0 0.00342 0.00307 0 0.00812 0.00303 0.00045
**Goodness_of_fit	 0.51
**Cosine_Similarity	 0.898

