#####SIGNATURE DECOMPOSITION REPORT
###./uploads/ROP-94-ExC85-xgenV2_S62.recode.YJqifIJ7TW_whole_sig.txt	./uploads/ROP-94-ExC85-xgenV2_S62.recode.YJqifIJ7TW_whole_sig.txt
**NUM_MUTATIONS 209
**MUT_SUBCLASSES AC>AA AC>AC AC>AG AC>AT CC>AA CC>AC CC>AG CC>AT GC>AA GC>AC GC>AG GC>AT TC>AA TC>AC TC>AG TC>AT AC>GA AC>GC AC>GG AC>GT CC>GA CC>GC CC>GG CC>GT GC>GA GC>GC GC>GG GC>GT TC>GA TC>GC TC>GG TC>GT AC>TA AC>TC AC>TG AC>TT CC>TA CC>TC CC>TG CC>TT GC>TA GC>TC GC>TG GC>TT TC>TA TC>TC TC>TG TC>TT AT>AA AT>AC AT>AG AT>AT CT>AA CT>AC CT>AG CT>AT GT>AA GT>AC GT>AG GT>AT TT>AA TT>AC TT>AG TT>AT AT>CA AT>CC AT>CG AT>CT CT>CA CT>CC CT>CG CT>CT GT>CA GT>CC GT>CG GT>CT TT>CA TT>CC TT>CG TT>CT AT>GA AT>GC AT>GG AT>GT CT>GA CT>GC CT>GG CT>GT GT>GA GT>GC GT>GG GT>GT TT>GA TT>GC TT>GG TT>GT
**THIS_SPECTRUM 0.00478 0 0.00478 0.00957 0.01914 0.01914 0.01435 0.00478 0.00957 0 0 0.00478 0.00478 0 0.00478 0.01435 0.00957 0 0.00957 0 0.00478 0 0.00478 0 0 0.00478 0 0.00478 0.01435 0.00478 0.00957 0 0.00957 0.01435 0.09569 0.01435 0.01435 0.03349 0.10526 0.01914 0.01914 0.03349 0.1244 0.00478 0.02871 0.00957 0.03828 0.01914 0.00478 0.00478 0.00478 0.00478 0 0.01435 0.00957 0 0 0 0.00478 0 0 0 0 0.00478 0 0.01914 0.00478 0.02392 0.00478 0.00957 0.00957 0 0.01435 0 0.00478 0.00478 0.00957 0.00957 0.01914 0.01914 0 0 0.00478 0 0 0 0.00478 0.00957 0 0.00478 0 0 0 0.00478 0 0
**THIS_SIGs_NUMBER 4
**THIS_SIGs 1 6 13 16
**THIS_SIG_CONTRIBUTIONS 0.51058 0.30206 0.04768 0.13968
**MAXLIK_SPECTRUM 0.00844 0 0.00122 0.00503 0.00872 0.01248 0.00352 0.02215 0.00628 0 0 0.00581 0.01077 0 0.00216 0.01262 0.00216 0 3e-04 0 0.00147 0 0.00066 0 0 0.00261 0 0.0015 0.01502 0.00506 0.00061 0 0.02645 0.0133 0.11557 0.01236 0.01634 0.01385 0.07625 0.01434 0.03435 0.03862 0.09361 0.02656 0.01747 0.0136 0.05141 0.01248 0.00343 0.00328 0.00256 0.00709 0 0.00356 0.00283 0 0 0 0.00151 0 0 0 0 0.00337 0 0.00729 0.0166 0.01238 0.00605 0.0066 0.01439 0 0.01173 0 0.00811 0.00873 0.00938 0.0061 0.00976 0.00651 0 0 0.00177 0 0 0 0.00327 0.00663 0 0.00104 0 0 0 0.00221 0 0
**MAXLIK_RESIDUALS	 -0.00366 0 0.00356 0.00454 0.01042 0.00666 0.01083 -0.01737 0.00329 0 0 -0.00103 -0.00598 0 0.00262 0.00173 0.00741 0 0.00927 0 0.00332 0 0.00412 0 0 0.00217 0 0.00328 -0.00066 -0.00027 0.00896 0 -0.01688 0.00105 -0.01988 0.002 -0.00199 0.01964 0.02902 0.0048 -0.01521 -0.00513 0.0308 -0.02178 0.01124 -0.00403 -0.01313 0.00666 0.00136 0.00151 0.00223 -0.0023 0 0.0108 0.00674 0 0 0 0.00327 0 0 0 0 0.00142 0 0.01185 -0.01182 0.01155 -0.00126 0.00297 -0.00482 0 0.00263 0 -0.00333 -0.00395 0.00019 0.00347 0.00938 0.01263 0 0 0.00301 0 0 0 0.00152 0.00294 0 0.00375 0 0 0 0.00258 0 0
**Goodness_of_fit	 0.562
**Cosine_Similarity	 0.936

