#####SIGNATURE DECOMPOSITION REPORT
###./uploads/ROP-98-ExC85-xgenV2_S66.recode.YJqifIJ7TW_whole_sig.txt	./uploads/ROP-98-ExC85-xgenV2_S66.recode.YJqifIJ7TW_whole_sig.txt
**NUM_MUTATIONS 170
**MUT_SUBCLASSES AC>AA AC>AC AC>AG AC>AT CC>AA CC>AC CC>AG CC>AT GC>AA GC>AC GC>AG GC>AT TC>AA TC>AC TC>AG TC>AT AC>GA AC>GC AC>GG AC>GT CC>GA CC>GC CC>GG CC>GT GC>GA GC>GC GC>GG GC>GT TC>GA TC>GC TC>GG TC>GT AC>TA AC>TC AC>TG AC>TT CC>TA CC>TC CC>TG CC>TT GC>TA GC>TC GC>TG GC>TT TC>TA TC>TC TC>TG TC>TT AT>AA AT>AC AT>AG AT>AT CT>AA CT>AC CT>AG CT>AT GT>AA GT>AC GT>AG GT>AT TT>AA TT>AC TT>AG TT>AT AT>CA AT>CC AT>CG AT>CT CT>CA CT>CC CT>CG CT>CT GT>CA GT>CC GT>CG GT>CT TT>CA TT>CC TT>CG TT>CT AT>GA AT>GC AT>GG AT>GT CT>GA CT>GC CT>GG CT>GT GT>GA GT>GC GT>GG GT>GT TT>GA TT>GC TT>GG TT>GT
**THIS_SPECTRUM 0.01176 0 0.02353 0 0.00588 0.02353 0.01765 0 0 0.01176 0 0 0 0.00588 0 0 0 0.01176 0.00588 0 0.00588 0 0.00588 0 0.00588 0 0.00588 0 0.01176 0.01176 0.01176 0.00588 0 0.02353 0.09412 0.01176 0.03529 0.01765 0.12941 0.02353 0.01176 0.04706 0.05882 0.00588 0.01176 0.01176 0.05294 0.01176 0 0.00588 0.00588 0.00588 0 0.00588 0 0.00588 0 0 0.01176 0 0 0 0.00588 0 0.03529 0 0.01765 0.03529 0 0.01765 0.01765 0.01765 0.01176 0.00588 0 0.00588 0 0.00588 0.00588 0.01176 0 0.00588 0 0 0 0 0.00588 0 0 0 0.01176 0 0 0.00588 0 0.00588
**THIS_SIGs_NUMBER 5
**THIS_SIGs 1 4 16 20 24
**THIS_SIG_CONTRIBUTIONS 0.53465 0.10312 0.22619 0.13604 0
**MAXLIK_SPECTRUM 0.0135 0 0.00318 0 0.01424 0.01748 0.00358 0 0 0.00976 0 0 0 0.01535 0 0 0 0.00276 0.00064 0 0.00268 0 0.00155 0 0.00193 0 0.00064 0 0.00247 0.00366 0.00048 0.00612 0 0.01317 0.09756 0.0122 0.0196 0.01606 0.05828 0.01788 0.02479 0.02483 0.05644 0.01967 0.01346 0.01425 0.04471 0.01382 0 0.00359 0.00437 0.00769 0 0.00565 0 0.00485 0 0 0.00328 0 0 0 0.00287 0 0.02675 0 0.02158 0.01756 0 0.00996 0.01917 0.01159 0.01062 0.00636 0 0.00937 0 0.00843 0.01179 0.00824 0 0.00198 0 0 0 0 0.00494 0 0 0 0.00137 0 0 0.00233 0 0.00604
**MAXLIK_RESIDUALS	 -0.00173 0 0.02035 0 -0.00836 0.00604 0.01407 0 0 0.002 0 0 0 -0.00947 0 0 0 0.009 0.00524 0 0.00321 0 0.00433 0 0.00396 0 0.00524 0 0.0093 0.00811 0.01128 -0.00023 0 0.01036 -0.00344 -0.00044 0.01569 0.00158 0.07113 0.00565 -0.01302 0.02223 0.00238 -0.01379 -0.00169 -0.00249 0.00823 -0.00205 0 0.00229 0.00151 -0.00181 0 0.00023 0 0.00104 0 0 0.00849 0 0 0 0.00302 0 0.00854 0 -0.00393 0.01773 0 0.00769 -0.00152 0.00606 0.00114 -0.00048 0 -0.00348 0 -0.00255 -0.00591 0.00352 0 0.00391 0 0 0 0 0.00094 0 0 0 0.01039 0 0 0.00355 0 -0.00016
**Goodness_of_fit	 0.604
**Cosine_Similarity	 0.914

