#####SIGNATURE DECOMPOSITION REPORT
###./uploads/ROP-36-ExC85-xgenV2_S26.recode.YJqifIJ7TW_whole_sig.txt	./uploads/ROP-36-ExC85-xgenV2_S26.recode.YJqifIJ7TW_whole_sig.txt
**NUM_MUTATIONS 204
**MUT_SUBCLASSES AC>AA AC>AC AC>AG AC>AT CC>AA CC>AC CC>AG CC>AT GC>AA GC>AC GC>AG GC>AT TC>AA TC>AC TC>AG TC>AT AC>GA AC>GC AC>GG AC>GT CC>GA CC>GC CC>GG CC>GT GC>GA GC>GC GC>GG GC>GT TC>GA TC>GC TC>GG TC>GT AC>TA AC>TC AC>TG AC>TT CC>TA CC>TC CC>TG CC>TT GC>TA GC>TC GC>TG GC>TT TC>TA TC>TC TC>TG TC>TT AT>AA AT>AC AT>AG AT>AT CT>AA CT>AC CT>AG CT>AT GT>AA GT>AC GT>AG GT>AT TT>AA TT>AC TT>AG TT>AT AT>CA AT>CC AT>CG AT>CT CT>CA CT>CC CT>CG CT>CT GT>CA GT>CC GT>CG GT>CT TT>CA TT>CC TT>CG TT>CT AT>GA AT>GC AT>GG AT>GT CT>GA CT>GC CT>GG CT>GT GT>GA GT>GC GT>GG GT>GT TT>GA TT>GC TT>GG TT>GT
**THIS_SPECTRUM 0.01471 0.0049 0.0049 0 0.0049 0.0049 0.0098 0.01471 0.0098 0.01471 0.02451 0.0098 0.0049 0 0.0049 0.01471 0 0.01471 0.0049 0.0049 0.0098 0.0098 0 0.01961 0.0049 0.0098 0 0 0 0.01471 0 0.01961 0.0098 0.0049 0.05882 0.0049 0.0049 0.01471 0.08333 0.0049 0.01961 0.03922 0.11275 0.01471 0.01471 0.01471 0.03431 0.01961 0 0 0.0098 0 0 0 0 0.0049 0.0098 0.0049 0 0 0 0.0049 0 0 0.01961 0.01961 0.01471 0.02451 0.0049 0.0098 0.0049 0.01961 0.0049 0 0.01471 0.0098 0.0098 0 0.01471 0.0098 0 0 0 0 0 0.0049 0.01471 0.03431 0 0 0.0049 0.0049 0 0 0.0049 0.0049
**THIS_SIGs_NUMBER 6
**THIS_SIGs 1 3 6 9 15 17
**THIS_SIG_CONTRIBUTIONS 0.32308 0.22297 0.18372 0.01 0.16588 0.09435
**MAXLIK_SPECTRUM 0.00935 0.00822 0.00106 0 0.01013 0.0118 0.00267 0.01997 0.0064 0.0072 0.00113 0.01127 0.00821 0 0.00186 0.01284 0 0.00396 0.00147 0.00681 0.00452 0.00338 0 0.00626 0.00335 0.00365 0 0 0 0.00572 0 0.00889 0.02217 0.01286 0.07906 0.01183 0.01447 0.01159 0.05211 0.01331 0.0318 0.04722 0.08947 0.03117 0.01145 0.01421 0.03543 0.01083 0 0 0.00287 0 0 0 0 0.00771 0.00124 0.00285 0 0 0 0.00341 0 0 0.01119 0.00718 0.01168 0.00879 0.00563 0.01034 0.01408 0.0159 0.01073 0 0.00817 0.00835 0.00717 0 0.0073 0.00673 0 0 0 0 0 0.00496 0.00528 0.03034 0 0 0.00534 0.01181 0 0 0.00399 0.01209
**MAXLIK_RESIDUALS	 0.00536 -0.00332 0.00385 0 -0.00523 -0.0069 0.00713 -0.00527 0.00341 0.00751 0.02338 -0.00146 -0.00331 0 0.00304 0.00187 0 0.01075 0.00343 -0.00191 0.00529 0.00642 0 0.01335 0.00155 0.00615 0 0 0 0.00899 0 0.01072 -0.01236 -0.00796 -0.02023 -0.00693 -0.00957 0.00311 0.03123 -0.00841 -0.0122 -0.008 0.02328 -0.01646 0.00326 0.00049 -0.00111 0.00877 0 0 0.00694 0 0 0 0 -0.00281 0.00856 0.00205 0 0 0 0.00149 0 0 0.00841 0.01243 0.00303 0.01572 -0.00073 -0.00053 -0.00918 0.0037 -0.00583 0 0.00654 0.00146 0.00263 0 0.0074 0.00308 0 0 0 0 0 -6e-05 0.00943 0.00397 0 0 -0.00044 -0.0069 0 0 0.00091 -0.00719
**Goodness_of_fit	 0.546
**Cosine_Similarity	 0.921

