#####SIGNATURE DECOMPOSITION REPORT
###./uploads/ROP-108-ExC85-xgenV2_S72.recode.YJqifIJ7TW_whole_sig.txt	./uploads/ROP-108-ExC85-xgenV2_S72.recode.YJqifIJ7TW_whole_sig.txt
**NUM_MUTATIONS 256
**MUT_SUBCLASSES AC>AA AC>AC AC>AG AC>AT CC>AA CC>AC CC>AG CC>AT GC>AA GC>AC GC>AG GC>AT TC>AA TC>AC TC>AG TC>AT AC>GA AC>GC AC>GG AC>GT CC>GA CC>GC CC>GG CC>GT GC>GA GC>GC GC>GG GC>GT TC>GA TC>GC TC>GG TC>GT AC>TA AC>TC AC>TG AC>TT CC>TA CC>TC CC>TG CC>TT GC>TA GC>TC GC>TG GC>TT TC>TA TC>TC TC>TG TC>TT AT>AA AT>AC AT>AG AT>AT CT>AA CT>AC CT>AG CT>AT GT>AA GT>AC GT>AG GT>AT TT>AA TT>AC TT>AG TT>AT AT>CA AT>CC AT>CG AT>CT CT>CA CT>CC CT>CG CT>CT GT>CA GT>CC GT>CG GT>CT TT>CA TT>CC TT>CG TT>CT AT>GA AT>GC AT>GG AT>GT CT>GA CT>GC CT>GG CT>GT GT>GA GT>GC GT>GG GT>GT TT>GA TT>GC TT>GG TT>GT
**THIS_SPECTRUM 0.00781 0.01172 0.00391 0 0.01172 0.00391 0.01172 0.00781 0.01172 0.01562 0.00391 0 0.00391 0.00391 0 0.01562 0 0.00391 0 0 0.00781 0.00391 0 0.00781 0.00391 0.01562 0.00391 0.00781 0 0.00391 0 0.00781 0.01953 0.01172 0.07422 0.01562 0.04297 0.01562 0.10938 0.00781 0.01562 0.02734 0.07812 0.03125 0.02734 0.01172 0.05859 0.02734 0.00391 0 0.00391 0.00391 0 0 0.00781 0.00391 0 0 0 0 0 0 0 0 0.02344 0.00781 0.01953 0.00781 0.00781 0.01953 0.01562 0.00391 0.00781 0.01172 0.00781 0.01953 0.00391 0.00391 0.00781 0.00781 0 0.00391 0.00391 0.00391 0 0.00391 0.00391 0 0 0 0.00391 0.00781 0 0.00391 0.00781 0.00391
**THIS_SIGs_NUMBER 4
**THIS_SIGs 1 2 5 6
**THIS_SIG_CONTRIBUTIONS 0.44179 0.0461 0.3001 0.21201
**MAXLIK_SPECTRUM 0.00978 0.00735 0.00143 0 0.00799 0.00985 0.00316 0.01861 0.00773 0.00655 0.00157 0 0.0109 0.00946 0 0.01402 0 0.0036 0 0 0.00283 0.00261 0 0.00349 0.00194 0.00331 0.00033 0.00258 0 0.00333 0 0.00649 0.02655 0.01374 0.10026 0.01383 0.01856 0.01569 0.06542 0.01595 0.03117 0.03389 0.07812 0.02493 0.03063 0.01921 0.04633 0.02116 0.00458 0 0.00472 0.00818 0 0 0.00399 0.00416 0 0 0 0 0 0 0 0 0.01841 0.00811 0.01764 0.01284 0.00746 0.00693 0.01446 0.00941 0.01245 0.00723 0.00887 0.01033 0.00994 0.00717 0.00971 0.00862 0 0.00182 0.00242 0.00317 0 0.00282 0.00392 0 0 0 0.00253 0.00209 0 0.00251 0.00296 0.00732
**MAXLIK_RESIDUALS	 -0.00197 0.00437 0.00247 0 0.00373 -0.00594 0.00855 -0.01079 0.00399 0.00907 0.00234 0 -0.007 -0.00556 0 0.00161 0 0.00031 0 0 0.00498 0.00129 0 0.00432 0.00197 0.01231 0.00357 0.00523 0 0.00057 0 0.00132 -0.00702 -0.00202 -0.02605 0.00179 0.02441 -6e-05 0.04396 -0.00814 -0.01555 -0.00654 1e-05 0.00632 -0.00329 -0.00749 0.01227 0.00619 -0.00067 0 -0.00081 -0.00428 0 0 0.00382 -0.00025 0 0 0 0 0 0 0 0 0.00503 -3e-04 0.00189 -0.00503 0.00035 0.0126 0.00116 -0.0055 -0.00463 0.00449 -0.00106 0.0092 -0.00604 -0.00326 -0.0019 -0.00081 0 0.00208 0.00149 0.00074 0 0.00109 -2e-05 0 0 0 0.00138 0.00572 0 0.00139 0.00486 -0.00341
**Goodness_of_fit	 0.63
**Cosine_Similarity	 0.93

