#####SIGNATURE DECOMPOSITION REPORT
###./uploads/ROP-83-ExC85-xgenV2_S54.recode.YJqifIJ7TW_whole_sig.txt	./uploads/ROP-83-ExC85-xgenV2_S54.recode.YJqifIJ7TW_whole_sig.txt
**NUM_MUTATIONS 8451
**MUT_SUBCLASSES AC>AA AC>AC AC>AG AC>AT CC>AA CC>AC CC>AG CC>AT GC>AA GC>AC GC>AG GC>AT TC>AA TC>AC TC>AG TC>AT AC>GA AC>GC AC>GG AC>GT CC>GA CC>GC CC>GG CC>GT GC>GA GC>GC GC>GG GC>GT TC>GA TC>GC TC>GG TC>GT AC>TA AC>TC AC>TG AC>TT CC>TA CC>TC CC>TG CC>TT GC>TA GC>TC GC>TG GC>TT TC>TA TC>TC TC>TG TC>TT AT>AA AT>AC AT>AG AT>AT CT>AA CT>AC CT>AG CT>AT GT>AA GT>AC GT>AG GT>AT TT>AA TT>AC TT>AG TT>AT AT>CA AT>CC AT>CG AT>CT CT>CA CT>CC CT>CG CT>CT GT>CA GT>CC GT>CG GT>CT TT>CA TT>CC TT>CG TT>CT AT>GA AT>GC AT>GG AT>GT CT>GA CT>GC CT>GG CT>GT GT>GA GT>GC GT>GG GT>GT TT>GA TT>GC TT>GG TT>GT
**THIS_SPECTRUM 0.00083 0.00106 0.00035 0.00627 0.0026 0.0013 0.00118 0.01373 0.00095 0.00355 0.00035 0.00876 0.04556 0.00734 0.00296 0.26399 0.00047 0.00047 0 0 0.00059 0.00012 0.00047 0.00059 0.00012 0.00012 0.00024 0.00059 0.00012 0.00047 0 0.00035 0.00095 0.00461 0.01941 0.0058 0.00142 0.00272 0.01408 0.00379 0.00343 0.02307 0.05798 0.02544 0.00473 0.01692 0.18282 0.03029 0 0.00024 0.00035 0.00201 0.00024 0.00035 0.00083 0.00047 0.00024 0.00024 0.00024 0.00024 0.00012 0.00047 0.00071 0.00201 0.00438 0.0045 0.00414 0.00426 0.00059 0.00248 0.00177 0.00213 0.00864 0.01148 0.00663 0.0116 0.00213 0.00592 0.00426 0.00603 0.00201 0.00461 0.00189 0.01373 0.00189 0.00284 0.00355 0.01657 0.00059 0.00343 0.00154 0.00402 0.00757 0.00852 0.00319 0.07135
**THIS_SIGs_NUMBER 5
**THIS_SIGs 1 10 15 28 30
**THIS_SIG_CONTRIBUTIONS 0.02922 0.8077 0.12003 0.04305 0
**MAXLIK_SPECTRUM 0.00111 0.00159 0.00029 0.00832 0.00402 0.00196 0.00077 0.01588 0.00175 0.00315 0.00034 0.011 0.03128 0.00943 0.00287 0.25129 6e-04 0.00034 0 0 0.00015 6e-05 6e-05 0.00026 0.00029 3e-04 7e-05 0.00057 0.00019 4e-04 0 0.00041 0.0025 0.00511 0.01913 0.00503 0.00238 0.00365 0.01356 0.00523 0.00659 0.02783 0.04688 0.02244 0.00508 0.01965 0.17648 0.03324 0 0.00146 0.00027 0.00241 0.00034 0.0015 0.00099 0.00135 4e-05 0.00069 0.00044 0.00099 0.00027 0.00137 0.00024 0.00312 0.00447 0.0056 0.00351 0.0044 0.0018 0.00415 0.00455 0.00245 0.008 0.01466 0.00671 0.01147 0.0039 0.01041 0.00664 0.00949 0.00032 0.00407 0.00168 0.01523 0.0022 0.0032 0.00392 0.02044 0 0.00189 0.00139 0.00609 0.00448 0.00881 0.00249 0.0617
**MAXLIK_RESIDUALS	 -0.00028 -0.00053 7e-05 -0.00205 -0.00142 -0.00066 0.00041 -0.00215 -8e-04 4e-04 2e-05 -0.00225 0.01427 -0.00209 9e-05 0.01271 -0.00013 0.00013 0 0 0.00044 6e-05 0.00041 0.00033 -0.00017 -0.00018 0.00016 2e-05 -7e-05 7e-05 0 -5e-05 -0.00155 -0.00049 0.00027 0.00077 -0.00096 -0.00093 0.00053 -0.00144 -0.00316 -0.00476 0.0111 0.003 -0.00035 -0.00273 0.00634 -0.00295 0 -0.00122 9e-05 -0.00039 -1e-04 -0.00114 -0.00016 -0.00087 0.00019 -0.00045 -2e-04 -0.00075 -0.00015 -9e-04 0.00047 -0.00111 -9e-05 -0.0011 0.00063 -0.00014 -0.00121 -0.00167 -0.00277 -0.00032 0.00064 -0.00318 -8e-05 0.00012 -0.00177 -0.0045 -0.00238 -0.00345 0.00169 0.00054 0.00021 -0.0015 -0.00031 -0.00036 -0.00037 -0.00388 0.00059 0.00155 0.00015 -0.00207 0.00309 -0.00029 7e-04 0.00965
**Goodness_of_fit	 0.857
**Cosine_Similarity	 0.998

