#####SIGNATURE DECOMPOSITION REPORT
###./uploads/ROP-115-ExC85-xgenV2_S78.recode.YJqifIJ7TW_whole_sig.txt	./uploads/ROP-115-ExC85-xgenV2_S78.recode.YJqifIJ7TW_whole_sig.txt
**NUM_MUTATIONS 172
**MUT_SUBCLASSES AC>AA AC>AC AC>AG AC>AT CC>AA CC>AC CC>AG CC>AT GC>AA GC>AC GC>AG GC>AT TC>AA TC>AC TC>AG TC>AT AC>GA AC>GC AC>GG AC>GT CC>GA CC>GC CC>GG CC>GT GC>GA GC>GC GC>GG GC>GT TC>GA TC>GC TC>GG TC>GT AC>TA AC>TC AC>TG AC>TT CC>TA CC>TC CC>TG CC>TT GC>TA GC>TC GC>TG GC>TT TC>TA TC>TC TC>TG TC>TT AT>AA AT>AC AT>AG AT>AT CT>AA CT>AC CT>AG CT>AT GT>AA GT>AC GT>AG GT>AT TT>AA TT>AC TT>AG TT>AT AT>CA AT>CC AT>CG AT>CT CT>CA CT>CC CT>CG CT>CT GT>CA GT>CC GT>CG GT>CT TT>CA TT>CC TT>CG TT>CT AT>GA AT>GC AT>GG AT>GT CT>GA CT>GC CT>GG CT>GT GT>GA GT>GC GT>GG GT>GT TT>GA TT>GC TT>GG TT>GT
**THIS_SPECTRUM 0.00581 0 0.00581 0.00581 0 0 0.00581 0.00581 0.00581 0 0.01744 0.00581 0.01744 0.02326 0.01163 0.00581 0.0407 0 0 0 0 0.00581 0.01163 0.01163 0.00581 0 0.00581 0.01163 0 0.01163 0.00581 0.01163 0.01744 0.02907 0.0814 0.01744 0.00581 0.01744 0.0814 0.01163 0.01744 0.0407 0.07558 0.02326 0.0407 0.02326 0.06977 0.01744 0 0 0 0 0 0.01163 0 0 0 0 0 0 0 0 0.00581 0 0 0 0.02326 0.00581 0 0.01163 0.01744 0.02326 0 0.01163 0.00581 0.00581 0 0.00581 0.01163 0.02326 0 0 0.00581 0 0 0 0.00581 0.00581 0 0 0 0 0.00581 0 0.00581 0
**THIS_SIGs_NUMBER 3
**THIS_SIGs 1 2 5
**THIS_SIG_CONTRIBUTIONS 0.56797 0.05617 0.37586
**MAXLIK_SPECTRUM 0.01196 0 0.00168 0.00702 0 0 0.00156 0.00824 0.00917 0 0.00142 0.00641 0.01336 0.01123 0.00285 0.01622 0.00542 0 0 0 0 0.00328 0.00127 0.00434 0.00243 0 0.00042 0.00279 0 0.00415 0.00076 0.00804 0.02539 0.01308 0.10398 0.01355 0.02127 0.01729 0.0594 0.0179 0.02206 0.02231 0.0638 0.01756 0.03595 0.02241 0.04868 0.02509 0 0 0 0 0 0.00344 0 0 0 0 0 0 0 0 0.00331 0 0 0 0.01648 0.0156 0 0.0077 0.01105 0.01101 0 0.00758 0.00813 0.01198 0 0.00812 0.00947 0.01012 0 0 0.00287 0 0 0 0.00361 0.00589 0 0 0 0 0.00275 0 0.00344 0
**MAXLIK_RESIDUALS	 -0.00614 0 0.00413 -0.00121 0 0 0.00425 -0.00243 -0.00335 0 0.01603 -6e-04 0.00408 0.01202 0.00878 -0.01041 0.03527 0 0 0 0 0.00253 0.01036 0.00729 0.00338 0 0.0054 0.00884 0 0.00747 0.00505 0.00358 -0.00795 0.01599 -0.02258 0.00389 -0.01546 0.00015 0.022 -0.00627 -0.00462 0.01838 0.01178 0.00569 0.00475 0.00085 0.02109 -0.00765 0 0 0 0 0 0.00819 0 0 0 0 0 0 0 0 0.00251 0 0 0 0.00677 -0.00979 0 0.00393 0.00639 0.01225 0 0.00404 -0.00231 -0.00617 0 -0.00231 0.00215 0.01314 0 0 0.00295 0 0 0 0.00221 -7e-05 0 0 0 0 0.00306 0 0.00237 0
**Goodness_of_fit	 0.578
**Cosine_Similarity	 0.922

